         0.90000000         0.00000000        0.00000000        0.00000000        0.00000000
         0.88123238         0.09822309        0.10000000        0.00000000        0.00000000
         0.77329810         0.13271165        0.11331049        0.00000000        0.00000000
         0.96722846         0.03897395        0.21539670        0.00000000        0.00000000
         0.99856424         0.03255414        0.03198664        0.00000000        0.00000000
         0.99656579         0.03263283        0.00200000        0.00000000        0.00000000
         0.99492862         0.03502658        0.00290007        0.00000000        0.00000000
         0.99296241         0.03102894        0.00445501        0.00000000        0.00000000
         0.99160439         0.02461831        0.00655290        0.00000000        0.00000000
         0.99911223         0.02160477        0.00809006        0.00000000        0.00000000
         0.99721171         0.02098187        0.00200000        0.00000000        0.00000000
         0.99584433         0.01880867        0.00256758        0.00000000        0.00000000
         0.99872623         0.01606647        0.00397806        0.00000000        0.00000000
         0.99985999         0.01622326        0.00114455        0.00000000        0.00000000
         0.99914518         0.01436352        0.00200000        0.00000100        0.00125331
         0.99961404         0.01241926        0.00200000        0.00000200        0.00250663
         0.99811085         0.01373851        0.00200000        0.00000300        0.00375994
         0.99635082         0.01408904        0.00179460        0.00000300        0.00375994
         0.99616352         0.01763367        0.00354957        0.00000300        0.00375994
         0.99886540         0.02013274        0.00368042        0.00000300        0.00375994
         0.99875933         0.02052022        0.00200000        0.00000400        0.00501326
         0.99967394         0.02004677        0.00102989        0.00000400        0.00501326
         0.99813593         0.01915717        0.00200000        0.00000500        0.00626657