PSD @ YYE. Simulation done on 2023- 5- 2   23h53
 #            1
   0.0000000000000000        0.0000000000000000                1
  -181.88182170078389       -224.17032869703698                1
  -117.48496908794317       -220.43999929203565                1
  -162.71623880637208       -169.35021626796072                1
  -145.26323697049773       -287.39185663536205                1
  -145.53933338300004       -286.13863155892295                1
  -147.14756934685536       -284.17714621978803                1
  -148.31197561228092       -279.83248772102235                1
  -140.67757371108800       -284.29436079694233                1
  -141.14985037995834       -279.93911868930354                1
  -134.46684297919774       -285.56543062366086                1
  -131.66313089749173       -286.91059133937273                1
  -131.79178381679537       -288.67513459481290                2
  -154.82794611429989       -309.18040008812210                3
  -154.82794611429989       -309.18040008812210                4
  -154.82794611429989       -309.18040008812210                5
  -157.39127571700888       -310.05847789813237                6
  -157.39127571700888       -310.05847789813237                7
 #            2
   0.0000000000000000        0.0000000000000000                1
   288.34175161949912       -13.869664968283741                1
   247.10713605194931       -34.028925433950157                1
   197.26194207964568        42.927198503654729                1
   181.34185305056317        137.98091179904270                1
   134.80670255672450        96.052374762326252                1
   92.966247604218637        212.67702682021525                1
   106.08895054770824        111.70066874184739                1
   105.37736917326365       -29.246609026230672                1
   278.00369259990350       -152.37529453922448                1
   200.15575316079557       -55.723183138699085                1
   105.56948949118546        51.788446809956227                1
   245.36461104798579        152.36629647513922                2
   387.85222922354444        94.429497654403548                3
   387.85222922354444        94.429497654403548                4
   387.85222922354444        94.429497654403548                5
   387.85222922354444        94.429497654403548                6
   387.85222922354444        94.429497654403548                7
 #            3
   0.0000000000000000        0.0000000000000000                1
  -51.474372873094659       -284.04880262140688                1
  -52.719943581768298       -279.59330027735484                1
  -49.811199816538682       -270.98987512931080                1
  -51.241159933870279       -288.67513459481290                2
  -155.05368537789374       -308.78940821431434                3
  -155.05368537789374       -308.78940821431434                4
  -155.05368537789374       -308.78940821431434                5
  -156.38126747142422       -310.05847789813237                6
  -156.38126747142422       -310.05847789813237                7
 #            4
   0.0000000000000000        0.0000000000000000                1
   250.63752484444825       -143.22766657731296                1
   282.81618255301277       -282.79668652464704                1
   277.94318607237233       -286.08455163947497                1
   275.56175099539598       -287.10430014897821                1
   273.99584672030221       -286.97994317304278                1
   273.45252527037985       -285.37417987837659                1
   273.15369628506249       -282.08677919128394                1
   273.04112479282111       -275.49938558057994                1
   262.98335918768169       -266.98811580938042                1
   274.63152510716594       -248.69475596183281                1
   306.05364871657798       -223.97470694264027                1
   270.82802320249044       -278.24533109157824                1
   280.58722017733174       -281.92485219116912                1
   279.29489523916044       -275.29943078697727                1
   288.77571661750380       -284.73465618687607                1
   290.42277323904864       -288.67513459481290                2
   290.42277323904864       -288.67513459481290                3
   281.75576848180464       -295.56521660622411                4
   281.75576848180464       -295.56521660622411                5
   281.75576848180464       -295.56521660622411                6
   280.98597671312888       -295.80291569591941                7
 #            5
   0.0000000000000000        0.0000000000000000                1
  -117.97873617544735        263.46603413680776                1
  -67.276650183348806        284.17835965437467                1
  -58.726543547231103        196.27051519966818                1
   80.479455910871508        207.78254817309585                1
   70.758777601504477        322.45789675139878                1
   5.0637133669832224        330.34893221056006                1
  -110.96278189460736        357.29930060002829                1
  -97.041403816381347        356.84171506194076                1
  -109.44537947289703        379.93528309331907                1
  -106.16817694187758        377.77526475113268                1
  -113.96280208275931        376.90403625265287                1
  -115.59224189188306        377.13863327209270                2
  -115.59224189188306        377.13863327209270                3
  -115.59224189188306        377.13863327209270                4
  -115.59224189188306        377.13863327209270                5
  -115.59224189188306        377.13863327209270                6
  -115.59224189188306        377.13863327209270                7
 #            6
   0.0000000000000000        0.0000000000000000                1
  -173.51283735557718       -230.70896949652902                1
  -176.25381713963463       -288.67513459481290                2
  -176.25381713963463       -288.67513459481290                3
  -176.25381713963463       -288.67513459481290                4
  -176.25381713963463       -288.67513459481290                5
  -176.25381713963463       -288.67513459481290                6
  -176.25381713963463       -288.67513459481290                7
 #            7
   0.0000000000000000        0.0000000000000000                1
   192.35455063652071        215.25115605439967                1
   184.80146756153712        202.91400226116136                1
   211.48210064246643        208.07582740958352                1
   212.97683960978577        208.46356215002987                2
   266.97103109603967        288.67513459481296                3
   266.97103109603967        288.67513459481296                4
   266.97103109603967        288.67513459481296                5
   266.97103109603967        288.67513459481296                6
   266.97103109603967        288.67513459481296                7
 #            8
   0.0000000000000000        0.0000000000000000                1
  -142.14084151344858       -251.25547657152077                1
  -166.69232364079522       -279.49473173044288                1
  -163.95545052549755       -288.67513459481290                2
  -164.81943044277057       -291.87464158818267                3
  -164.81943044277057       -291.87464158818267                4
  -164.81943044277057       -291.87464158818267                5
  -164.81943044277057       -291.87464158818267                6
  -164.81943044277057       -291.87464158818267                7
 #            9
   0.0000000000000000        0.0000000000000000                1
  -150.76644694320717        246.17638353313757                1
  -122.77261753094137        267.21686289129951                1
  -146.08116750694106        310.02506956285066                1
  -150.87135153945752        316.03342291670049                2
  -150.87135153945752        316.03342291670049                3
  -150.87135153945752        316.03342291670049                4
  -150.87135153945752        316.03342291670049                5
  -150.87135153945752        316.03342291670049                6
  -151.09349458724614        317.18625899923893                7
 #           10
   0.0000000000000000        0.0000000000000000                1
   274.09320820925490       -90.588335600624603                1
   344.46858956412314       -156.75786104618797                1
   411.20877609895450       -173.19923041302715                1
   403.45837197636666       -155.67949371379882                1
   418.03738045713681       -146.71171322513584                2
   418.03738045713681       -146.71171322513584                3
   480.23259862996986       -130.46318837143656                4
   482.08260351191171       -129.34123371817074                5
   482.08260351191171       -129.34123371817074                6
   482.08260351191171       -129.34123371817074                7
 #           11
   0.0000000000000000        0.0000000000000000                1
  -239.03948761227446       -161.84392696482197                1
  -152.81520509194053       -68.830334771339253                1
  -153.70985755235367       -259.57668898710557                1
  -168.65094715463655       -234.60703984497189                1
  -183.40813098912187       -286.62227218274955                1
  -181.37051606029365       -286.87201101569099                1
  -182.86678334112207       -288.67513459481290                2
  -182.86678334112207       -288.67513459481290                3
  -182.86678334112207       -288.67513459481290                4
  -182.86678334112207       -288.67513459481290                5
  -180.98619190178189       -292.09393653897763                6
  -180.98619190178189       -292.09393653897763                7
 #           12
   0.0000000000000000        0.0000000000000000                1
   277.50726795996229        79.517605363410055                1
   268.92233679794595        79.746727553492391                1
   277.75594758332545        66.516534631670595                1
   288.88018449636149        56.644237030856544                1
   279.64628113281015        52.369361575875061                1
   284.11298275814329        72.181763831742472                1
   291.00142558745102        73.321014997187262                2
   454.18572873367447        209.32248904979377                3
   454.18572873367447        209.32248904979377                4
   454.18572873367447        209.32248904979377                5
   458.12748348952283        203.14176138153496                6
   458.38183988323624        202.33480455282799                7
 #           13
   0.0000000000000000        0.0000000000000000                1
   147.82676355115044        247.95278040652337                1
   158.73349698578139        212.93497978820017                1
   199.17865542908720        193.80665268425795                1
   185.18769197843710        180.54409302189740                1
   148.73431173308370        191.36609635087822                1
   118.26299251015666        134.87596319802932                1
   26.398264828850103        59.518924307238080                1
   53.820720658521132       -174.93693328607313                1
   30.191129828461445       -63.680378988578482                1
   249.71569923545516       -112.99167056548978                1
   244.09295724032208       -241.77981839954703                1
   211.29062111865889       -208.26597907882166                1
   236.92810096567516       -132.05343471840354                1
   101.12081240069111       -194.59497154245986                1
   12.061137339928351       -164.27251521008654                1
  -34.130538620944165       -279.78156585853941                1
  -41.471230715051469       -274.76062924807201                1
  -27.595083132159274       -273.72816263734012                1
  -42.410390865184702       -275.70771497896556                1
  -30.115390157867182       -279.82923522039641                1
  -21.312629300280523       -278.95668893139953                1
  -30.629467250925380       -276.19178084718732                1
  -32.058138695948621       -263.79044951984457                1
  -42.937590825376915       -286.17091137039245                1
  -43.330910147329917       -288.67513459481290                2
   77.800623927932818       -442.59563568588715                3
   148.35378598541732       -449.40638455181772                4
   148.35378598541732       -449.40638455181772                5
   148.35378598541732       -449.40638455181772                6
   148.35378598541732       -449.40638455181772                7
 #           14
   0.0000000000000000        0.0000000000000000                1
   51.686883049966482       -284.01021012265113                1
   56.288786479192026       -283.24600782021025                1
   60.947334521366230       -286.03408021408063                1
   60.922521222601937       -283.39314239917672                1
   58.592029656781961       -288.67513459481290                2
   162.07330866035190       -296.63106403910336                3
   162.07330866035190       -296.63106403910336                4
   162.07330866035190       -296.63106403910336                5
   162.07330866035190       -296.63106403910336                6
   162.07330866035190       -296.63106403910336                7
 #           15
   0.0000000000000000        0.0000000000000000                1
   149.33575535989533        247.04688928303236                1
   120.03384052552391        226.43876996554769                1
   88.009595473338962        162.50768879209534                1
   29.049148609322344        279.71616089819440                1
   88.873037861558430        171.49030027157465                1
   192.69721299448955        100.16437006960496                1
   257.32254858393219        131.65454110914499                2
   378.75240386774954        78.668137798163173                3
   378.75240386774954        78.668137798163173                4
   378.75240386774954        78.668137798163173                5
   379.16547734878924        74.841701561618180                6
   379.16547734878924        74.841701561618180                7
 #           16
   0.0000000000000000        0.0000000000000000                1
   287.94605353974140        20.503745614441435                1
   313.42577844778805        6.5410400036059588                1
   312.66063031552198       -7.4079185174524262                1
   332.62020143449354       -15.683178309284310                1
   332.49493103119852       -7.2249264178154462                1
   335.40926151910458       -10.438898253130048                1
   337.95051387650642       -7.9971912884938092                2
   337.95051387650642       -7.9971912884938092                3
   337.95051387650642       -7.9971912884938092                4
   337.95051387650642       -7.9971912884938092                5
   337.95051387650642       -7.9971912884938092                6
   337.95051387650642       -7.9971912884938092                7
 #           17
   0.0000000000000000        0.0000000000000000                1
  -278.70883959573189        75.197846142917811                1
  -287.56156070097506        71.215316826722557                1
  -291.95304838382032        71.672755964234682                2
  -396.74175643552780        109.82661044082519                3
  -424.63596173660233        96.225044864937757                4
  -424.63596173660233        96.225044864937757                5
  -424.63596173660233        96.225044864937757                6
  -424.63596173660233        96.225044864937757                7
 #           18
   0.0000000000000000        0.0000000000000000                1
  -150.74831495130246       -246.18748723823532                1
  -143.57509544721216       -204.30974732974656                1
  -77.632966731325951       -151.68699342231491                1
  -58.952757987683441       -287.39550687371991                1
  -59.238715837988693       -286.14823977624701                1
  -59.313609185501491       -288.67513459481290                2
  -109.35693917307067       -387.93849438164818                3
  -112.08085065743683       -386.57981762409537                4
  -112.08085065743683       -386.57981762409537                5
  -112.08085065743683       -386.57981762409537                6
  -112.08085065743683       -386.57981762409537                7
 #           19
   0.0000000000000000        0.0000000000000000                1
  -18.014929293696696       -288.67513459481290                2
  -142.41820126558477       -330.67470867506285                3
  -142.41820126558477       -330.67470867506285                4
  -143.77008750987807       -352.82516450477129                5
  -142.58854937166402       -353.88732860586276                6
  -142.58854937166402       -353.88732860586276                7
 #           20
   0.0000000000000000        0.0000000000000000                1
   234.16479340800646        168.81997174955043                1
   236.04172511337458        168.51400858705517                2
   257.10472337120024        288.67513459481296                3
   257.10472337120024        288.67513459481296                4
   257.10472337120024        288.67513459481296                5
   256.18091626343323        294.03495977457789                6
   254.88739147711823        292.68354116690176                7
 #           21
   0.0000000000000000        0.0000000000000000                1
   229.54981244038873       -175.04347157753611                1
   287.55412251883962       -272.75557345030762                1
   301.33686384160694       -280.72228347787382                1
   293.52508228180130       -279.23100558623872                1
   288.66507486982914       -271.13335773725396                1
   271.12704959881734       -271.49613165271967                1
   282.06607731221908       -258.25015812225098                1
   285.97515561965440       -288.67513459481290                2
   285.97515561965440       -288.67513459481290                3
   280.84758158486113       -293.99219075794963                4
   280.84758158486113       -293.99219075794963                5
   280.84758158486113       -293.99219075794963                6
   281.26384114582572       -295.80291569591941                7
 #           22
   0.0000000000000000        0.0000000000000000                1
  -3.5759846088258200       -288.67513459481290                2
   115.52242342677999       -377.25956240095769                3
   115.52242342677999       -377.25956240095769                4
   115.52242342677999       -377.25956240095769                5
   115.52242342677999       -377.25956240095769                6
   115.52242342677999       -377.25956240095769                7
 #           23
   0.0000000000000000        0.0000000000000000                1
   133.65441985931540       -255.87072787914443                1
   102.25679493183920       -246.36713651163916                1
   97.613967444309424       -288.67513459481290                2
   139.04936600033301       -336.50970251680860                3
   139.04936600033301       -336.50970251680860                4
   151.96851678674832       -327.36722213549035                5
   151.96851678674832       -327.36722213549035                6
   152.50302475833476       -327.46284420246849                7
 #           24
   0.0000000000000000        0.0000000000000000                1
  -288.11083704061429       -18.041034146908881                1
  -308.07482277339477       -61.895003585697367                1
  -360.82638070734350       -64.622320261188676                1
  -359.90755208334582       -73.074004215960699                1
  -362.45568129160984       -59.793190393235896                1
  -363.26087839088018       -55.187138115684270                1
  -364.35737771842156       -53.735221131244202                2
  -364.35737771842156       -53.735221131244202                3
  -364.35737771842156       -53.735221131244202                4
  -375.16968119313970       -55.837379723606638                5
  -375.16968119313970       -55.837379723606638                6
  -375.16968119313970       -55.837379723606638                7
 #           25
   0.0000000000000000        0.0000000000000000                1
   161.26531010078153        239.43022593530691                1
   190.42775835269401        242.26771760254974                1
   192.97887991909232        243.10104438202541                2
   212.94373558762021        288.67513459481302                3
   212.94373558762021        288.67513459481302                4
   208.30582191707799        296.64623716281500                5
   208.30582191707799        296.64623716281500                6
   208.30582191707799        296.64623716281500                7
 #           26
   0.0000000000000000        0.0000000000000000                1
  -273.20911728716152        93.220767881965926                1
  -278.65385948547106        94.707626835631459                2
  -389.22041578003734        96.799266284482314                3
  -389.35758925312552        96.225044864937743                4
  -389.35758925312552        96.225044864937743                5
  -389.35758925312552        96.225044864937743                6
  -389.35758925312552        96.225044864937743                7
 #           27
   0.0000000000000000        0.0000000000000000                1
   213.75481871220754        194.01600658359257                1
   207.64721824900704        196.38245643816333                1
   214.64455871176756        205.57498793264426                2
   222.45031180153075        288.67513459481302                3
   222.45031180153075        288.67513459481302                4
   228.57565645741789        309.74567865188607                5
   228.69298889121450        310.05847789813237                6
   228.69298889121450        310.05847789813237                7
 #           28
   0.0000000000000000        0.0000000000000000                1
  -37.721057718633247       -286.20002644640147                1
  -39.820307562392124       -287.51125123255031                1
  -39.736974190709930       -288.67513459481290                2
  -147.35704945858902       -322.12037267390974                3
  -147.35704945858902       -322.12037267390974                4
  -148.93737161929377       -322.11712470034217                5
  -148.93737161929377       -322.11712470034217                6
  -148.93737161929377       -322.11712470034217                7
 #           29
   0.0000000000000000        0.0000000000000000                1
  -9.8388121276379934       -288.67513459481290                2
   112.55285487765806       -382.40300600459545                3
   112.55285487765806       -382.40300600459545                4
   112.55285487765806       -382.40300600459545                5
   112.55285487765806       -382.40300600459545                6
   112.55285487765806       -382.40300600459545                7
 #           30
   0.0000000000000000        0.0000000000000000                1
  -243.45927850092065       -155.11580527188229                1
  -229.77350204260352       -288.67513459481290                2
  -229.77350204260352       -288.67513459481290                3
  -229.77350204260352       -288.67513459481290                4
  -236.96850011963201       -295.20884700894840                5
  -236.96850011963201       -295.20884700894840                6
  -237.00493633857533       -295.80291569591941                7
 #           31
   0.0000000000000000        0.0000000000000000                1
   56.837273048279037       -283.02448255542970                1
   53.610429525879397       -278.38580285619059                1
   47.976110334057523       -286.99537862228317                1
   49.655823892416720       -286.98344174188696                1
   51.227408146897005       -286.35738452428592                1
   51.961544117291503       -284.15897378777629                1
   52.749190518029991       -288.67513459481290                2
   79.703825443611450       -439.29919396368973                3
   69.119472388137780       -481.12522432468819                4
   69.119472388137780       -481.12522432468819                5
   68.603346971168577       -482.34131867977158                6
   68.603346971168577       -482.34131867977158                7
 #           32
   0.0000000000000000        0.0000000000000000                1
  -144.96736378943157        249.63532756658452                1
  -179.90754033487775        233.91917922651248                1
  -165.38542604578370        227.41767627487081                1
  -185.92674135099489        251.61220196784063                1
  -187.62154954866699        252.38021277653314                2
  -183.26404146669879        288.67513459481296                3
  -183.26404146669879        288.67513459481296                4
  -183.26404146669879        288.67513459481296                5
  -181.13005806748143        292.34312004745976                6
  -180.96192999461016        292.42613660766443                7
 #           33
   0.0000000000000000        0.0000000000000000                1
   164.67771055792630        237.09615133682200                1
   171.85870354270287        210.53787049508961                1
   200.25967001774046        190.82437626885283                1
   216.85910946025115        179.97053367238286                1
   217.31379482051597        190.84540240101916                1
   215.51625778986639        195.56804489946785                1
   217.03813706347700        191.60141808248011                1
   222.77648498646118        191.49007846147060                2
   371.00774069798194        65.253987700618310                3
   371.00774069798194        65.253987700618310                4
   371.00774069798194        65.253987700618310                5
   371.00774069798194        65.253987700618310                6
   371.00774069798194        65.253987700618310                7
 #           34
   0.0000000000000000        0.0000000000000000                1
   193.96186483588636        213.80394833285632                1
   190.75611494963471        200.38427996282570                1
   206.26217435267145        183.01543845794200                1
   189.16422770318536        190.18200357530870                1
   178.16109518880776        162.52746396038521                1
   221.34143777480932        193.97565314331166                2
   394.92553089057554        106.68081551896302                3
   416.50944562970250        96.225044864937630                4
   416.50944562970250        96.225044864937630                5
   416.50944562970250        96.225044864937630                6
   416.50944562970250        96.225044864937630                7
 #           35
   0.0000000000000000        0.0000000000000000                1
   197.76860361485990       -210.28769045657850                1
   242.58536571440456       -145.97556692269387                1
   100.07533454785872       -153.32795637917766                1
   102.51924587455500       -18.002844340198834                1
   46.006893359655379        183.09996752039339                1
   170.06733962210569        86.421960150231342                1
   261.37788992095932        122.50511260807556                1
   261.85296649625985        123.80762710547339                2
   229.16551548185049        288.67513459481302                3
   229.16551548185049        288.67513459481302                4
   237.08584143182594        295.00560589440204                5
   237.08584143182594        295.00560589440204                6
   237.18822140597570        295.80291569591941                7
 #           36
   0.0000000000000000        0.0000000000000000                1
  -287.71480814820052        23.527059008246464                1
  -309.62500040903143        6.5084625071371285                1
  -319.21642897093301        20.879490080593833                1
  -319.03771925797173        19.102601530319024                1
  -316.30807302451461        19.845996185411664                1
  -316.28484192866540        15.024742313550874                1
  -323.52307040454451        16.991873828272105                2
  -340.68653579355657        12.736120259447262                3
  -340.68653579355657        12.736120259447262                4
  -340.68653579355657        12.736120259447262                5
  -340.42093863151905        10.691671651659801                6
  -340.42093863151905        10.691671651659801                7
 #           37
   0.0000000000000000        0.0000000000000000                1
  -288.58528900960295        7.2016873423718941                1
  -280.93331843411022        41.510832542493816                1
  -291.86744088933546        63.574433455571459                1
  -295.79834370581017        62.329603357376563                1
  -295.43864757436984        63.621932454086689                1
  -294.44846398022281        63.439802748087708                1
  -294.40509926112077        61.484900350358913                1
  -296.97389079400739        59.993416666291552                1
  -298.84017792325830        59.743897683619707                2
  -361.07781398085217        48.054850111114291                3
  -361.07781398085217        48.054850111114291                4
  -378.17646540933174        50.629476693765888                5
  -378.08747321503625        53.458358258298766                6
  -378.08747321503625        53.458358258298766                7
 #           38
   0.0000000000000000        0.0000000000000000                1
  -253.36664770104622       -138.34260069142579                1
  -385.32685489428746       -96.535414555624655                1
  -386.38818162209196       -99.596650363458210                1
  -386.24591075982596       -103.44550054441747                1
  -388.16015951769344       -109.02539285194085                1
  -386.22824881294724       -115.78605176626947                1
  -394.64992363213253       -124.45294354879812                1
  -401.55317024986022       -118.16022362348690                2
  -401.55317024986022       -118.16022362348690                3
  -446.39053676775870       -96.225044864937573                4
  -436.72029097546414       -77.528656163691579                5
  -437.53589555825806       -74.841701561618109                6
  -437.53589555825806       -74.841701561618109                7
 #           39
   0.0000000000000000        0.0000000000000000                1
   57.062931449028753       -282.97907199610501                1
   55.471498763029444       -288.67513459481290                2
   106.31689752964309       -393.20400096518989                3
   111.74651901111568       -386.00073822608897                4
   111.74651901111568       -386.00073822608897                5
   111.74651901111568       -386.00073822608897                6
   111.74651901111568       -386.00073822608897                7
 #           40
   0.0000000000000000        0.0000000000000000                1
   51.654961611141623        284.01601763683124                1
   68.131306289107314        183.42382891605476                1
  -45.368281630799018        261.85050750628614                1
  -103.89284965325106        364.84370294388361                1
  -109.09803465834348        349.41885003629187                1
  -127.59600660343170        343.29897659296847                1
  -132.47713406694604        338.96993461537056                1
  -130.73145974324555        343.07584855843186                1
  -130.69041738151245        346.99607882449919                1
  -129.16009434878850        348.27733728312626                1
  -126.50078840563441        347.94058341337012                1
  -130.33162524369035        344.49569703366410                1
  -131.47802457622441        341.12872401382742                1
  -132.70060553523135        337.06101704424424                1
  -128.30908647198868        334.23446685135002                1
  -137.30530164347340        339.53051059455936                2
  -137.30530164347340        339.53051059455936                3
  -137.30530164347340        339.53051059455936                4
  -152.05408378922647        327.51542853123425                5
  -152.05408378922647        327.51542853123425                6
  -153.51868134031534        325.70367539943624                7
 #           41
   0.0000000000000000        0.0000000000000000                1
  -278.20498241109613        77.041035136964652                1
  -280.21734619185241        86.040830570548977                1
  -277.46625353301806        84.897070119579766                1
  -275.47033613470836        90.485093280122058                1
  -270.85800508070520        92.042829276407559                1
  -271.59220203792148        83.992432627116898                1
  -267.46768265712001        73.286265614578866                1
  -250.77688424029498        61.560074280344921                1
  -213.31880121361041        45.601371485648912                1
  -249.07600999238457       -27.229266232715418                1
  -327.22649484184609        10.577354540873671                2
  -340.35125838295420        12.155402749653888                3
  -340.35125838295420        12.155402749653888                4
  -340.35125838295420        12.155402749653888                5
  -342.44632894184679        10.691671651659801                6
  -342.44632894184679        10.691671651659801                7
 #           42
   0.0000000000000000        0.0000000000000000                1
  -217.67082986912561        189.61208600039058                1
  -216.24021470250895        194.77828596124490                1
  -212.75451586294525        192.78280260258040                1
  -204.96715604164726        194.75379097797421                1
  -205.57645550661499        208.53180018572365                1
  -202.80548482400386        202.79073607838717                1
  -212.72626635457016        196.69273435491260                1
  -218.26190252958727        194.12442328658076                1
  -219.62909460263054        191.92165035693833                1
  -221.30947905637410        194.03100726738569                2
  -197.49728845058320        288.67513459481296                3
  -197.49728845058320        288.67513459481296                4
  -197.49728845058320        288.67513459481296                5
  -197.49728845058320        288.67513459481296                6
  -196.07327076364993        289.71439926110588                7
 #           43
   0.0000000000000000        0.0000000000000000                1
   107.77654396886724       -267.80132543260527                1
   118.80586975319912       -285.52334229534796                1
   116.90902307511195       -283.00624726758360                1
   121.59051051173509       -286.20311431354605                1
   121.80179941902759       -288.67513459481290                2
   156.33366478931174       -306.57241884109624                3
   156.33366478931174       -306.57241884109624                4
   156.33366478931174       -306.57241884109624                5
   156.09763230928303       -310.05847789813237                6
   156.09763230928303       -310.05847789813237                7
 #           44
   0.0000000000000000        0.0000000000000000                1
  -220.75214472471092        186.01565507444158                1
  -218.09792850638129        182.39373491763331                1
  -227.29034333254091        183.67184646789110                2
  -395.69072612140286        288.67513459481307                3
  -395.69072612140286        288.67513459481307                4
  -395.69072612140286        288.67513459481307                5
  -395.69072612140286        288.67513459481307                6
  -396.17333604775786        290.31366421281405                7
 #           45
   0.0000000000000000        0.0000000000000000                1
   123.30036408777652        261.01791806149078                1
   89.666582367809497        299.86607824326728                1
   30.920779080331251        283.11070818770474                1
  -61.770711354172143        359.85957376124259                1
  -18.859921528951176        325.05634891339963                1
  -47.925124824256727        219.15884087996409                1
   74.248872105463974        155.87463332578409                1
   31.439726837055289        15.835357364575714                1
   60.740218614391502       -235.99567317204395                1
   18.861318854153978       -267.95319827435719                1
  -1.3370192258156983       -272.58199765176255                1
  -17.131425026601356       -275.66838746315716                1
  -30.036025240711815       -277.29527536981061                1
  -41.398749503226981       -276.67102116284121                1
  -39.360992315780038       -288.67513459481290                2
   143.34921508956157       -329.06214542938596                3
   143.34921508956157       -329.06214542938596                4
   149.88158764370127       -323.75255482793665                5
   149.88158764370127       -323.75255482793665                6
   149.88158764370127       -323.75255482793665                7
 #           46
   0.0000000000000000        0.0000000000000000                1
   282.97092712258535        57.103307581241118                1
   277.65897058309406        43.007519997953345                1
   292.16968834159991        65.434099060864128                1
   289.87160347856229        63.613729433523481                1
   291.05930682115007        69.323608696844090                1
   292.14343184504975        67.704465889299868                1
   293.62276292572261        66.645543767877214                1
   294.88644685637030        66.591960770933383                2
   352.37899061452816        32.988046074573532                3
   352.37899061452816        32.988046074573532                4
   352.57248673640674        32.075014954979260                5
   352.57248673640674        32.075014954979260                6
   352.57248673640674        32.075014954979260                7
 #           47
   0.0000000000000000        0.0000000000000000                1
  -240.61602343654496       -159.49063483138247                1
  -175.76499577075316       -47.763381263515399                1
  -234.87415541383731       -196.81029459705115                1
  -223.11335573132885       -288.67513459481290                2
  -223.11335573132885       -288.67513459481290                3
  -223.11335573132885       -288.67513459481290                4
  -233.02213393704398       -302.04415374246253                5
  -235.88130283617483       -301.64168455119824                6
  -235.88130283617483       -301.64168455119824                7
 #           48
   0.0000000000000000        0.0000000000000000                1
  -186.29820690237952        220.51374432967106                1
  -199.82798552401763        210.09035794813556                1
  -209.48547679416279        214.51077993434501                2
  -200.70725401111500        288.67513459481296                3
  -200.70725401111500        288.67513459481296                4
  -200.70725401111500        288.67513459481296                5
  -200.70725401111500        288.67513459481296                6
  -200.70725401111500        288.67513459481296                7
 #           49
   0.0000000000000000        0.0000000000000000                1
  -10.696754858418222        288.47688428855480                1
   72.537446039494924        394.98423667320969                1
   45.881409462560335        404.67741774638421                1
  0.39576968113205879        414.81641222457313                1
   80.458580734012571        403.04061076540916                1
   81.507935395049643        385.59648999230131                1
   62.823488847272770        402.63827083709111                1
   43.801762240653844        429.54231840154688                1
   7.9769402956057505        426.30787358929831                1
  -54.584036170727877        454.48345114179943                1
  -46.051809020654673        465.78700552168254                1
  -44.592175958092319        449.95455141502470                1
  -50.628125635736147        474.29728710041076                1
  -58.031466234960810        472.24982029580269                1
  -59.118991450048824        474.95317230591104                2
  -59.118991450048824        474.95317230591104                3
  -60.530403056901086        481.12522432468825                4
  -60.530403056901086        481.12522432468825                5
  -60.530403056901086        481.12522432468825                6
  -60.153998456854971        481.96217996433711                7
 #           50
   0.0000000000000000        0.0000000000000000                1
   284.03428135505465       -51.554440627854639                1
   341.38961229969863       -13.953884489692712                2
   341.38961229969863       -13.953884489692712                3
   341.38961229969863       -13.953884489692712                4
   341.38961229969863       -13.953884489692712                5
   342.22277357632709       -10.691671651659679                6
   342.22277357632709       -10.691671651659679                7
