PSD @ YYE. Simulation on 2023- 5-30   15h55
     Segment Index     Hitting Probability

       1          1.2595E-02
       2          1.3287E-02
       3          1.7214E-02
       4          3.9866E-02
       5          4.0017E-02
       6          1.7689E-02
       7          1.3599E-02
       8          1.2861E-02
       9          1.2936E-02
      10          1.3725E-02
      11          1.7491E-02
      12          3.9928E-02
      13          3.9601E-02
      14          1.7335E-02
      15          1.3337E-02
      16          1.2678E-02
      17          1.2668E-02
      18          1.3305E-02
      19          1.6856E-02
      20          3.9618E-02
      21          3.9739E-02
      22          1.7478E-02
      23          1.3609E-02
      24          1.2788E-02
      25          1.3156E-02
      26          1.3688E-02
      27          1.7434E-02
      28          3.9729E-02
      29          3.9834E-02
      30          1.7111E-02
      31          1.3171E-02
      32          1.2868E-02
      33          1.2482E-02
      34          1.3144E-02
      35          1.7237E-02
      36          3.9628E-02
      37          3.9734E-02
      38          1.7379E-02
      39          1.3818E-02
      40          1.3070E-02
      41          1.2822E-02
      42          1.3524E-02
      43          1.7454E-02
      44          4.0091E-02
      45          3.9552E-02
      46          1.7139E-02
      47          1.3152E-02
      48          1.2563E-02
