PSD @ YYE. Simulation done on 2023- 5- 4   19h55
  -353.68985603060918       -352.82474235151699     
   263.47945043672894       -292.05486470119126     
  -445.87069168794324        194.92276567391582     
  -352.48605105748612        352.82506234936267     
   125.11410464881575        360.64286300046251     
   164.80613161856684        292.58119956219878     
  -194.69698681982467       -288.67510360026790     
   335.74518974089648        3.5660577990498465     
  -376.41194284552012        31.852298636309214     
   192.54001681261909       -288.67513333805442     
  -390.71362108614738        288.67374413672206     
  -346.89409545486200        23.488119200133397     
  -337.61168260293840        7.4130768238039106     
   116.99546130551087        395.09529364471445     
   149.16357316274522        318.98511874865420     
  -153.21989602801193       -311.95988953701584     
   169.84786013543913        288.67402526075983     
  -353.99135554885231        32.075020277459622     
   374.54883207697662       -57.138679982314912     
  -158.60671467391680        310.35377844749615     
   127.84143478800090        355.92102015834422     
  -148.84278570875028        319.54688281040734     
  -335.09480775864074        3.0527936408971672     
   192.83741265863992        288.67489166514491     
  -263.46812890255512        292.06888171624269     
   374.97771909594621       -56.169864817118807     
  -165.64397151526825       -290.44170056322486     
   461.66883939476855       -165.26215608370339     
  -162.56246610997010        302.93082251697081     
  -279.21879435500205        291.16687479459898     
  -127.91006715397148       -371.23047717091913     
   177.07146659194859        288.67202913621986     
   445.36837308739058        194.05717966766417     
   333.33512119251105        8.3968906082749206E-003
   167.78367570530122       -288.67351598099134     
   179.53334134881783       -289.57685375236889     
   413.20321545225488        95.572641307666700     
   41.499981130802730        519.72150659317617     
   49.705931516216992       -492.37694077108347     
  -374.92072542440485       -57.775945389014439     
  -180.41130910548898       -291.09604206957204     
  -236.33713424385255        296.30181892617048     
   276.73280005757852        288.67510893098751     
  -148.65976701542834       -319.86304783586331     
   154.97995933540295       -310.05797216359787     
  -235.68899977981005       -297.42254419969998     
  -176.80532748156779       -288.67509810625074     
  -228.07047455008885       -310.61834405955875     
   78.707143528936413       -483.79145141460481     
   209.41888521495304       -300.15969404902347     
   183.16210889343503       -295.85567444738814     
  -177.57343295838226        288.67190124205678     
   151.35807462202115       -317.18625893024358     
  -346.73597932522711        19.552554357187660     
  -335.97259107497052        3.5641694993710220     
   166.40379890829797       -289.12956575114083     
  -266.42411523307703       -288.67487907241610     
  -333.50869823299473       0.30508855839636578     
  -448.81958983760308       -184.87189069107330     
  -175.49296387405784       -288.67280818420528     
  -119.77753246846139       -374.20706071998768     
   164.93279553254507        291.67146442997756     
  -356.03767351784103        31.953055083250842     
  -374.89143130843132        56.312275312006761     
   334.57141188039674       -2.1447010921095502     
  -130.63086488684345       -416.97519514889018     
   138.88830573425753       -352.82409764295784     
   160.67526217876707       -299.04770368395475     
  -389.25363212198681       -96.226699885069522     
  -364.09158333587459        32.077079166830799     
  -338.90336146435470        9.6511944536366041     
   249.18769545783925       -288.67258634985257     
  -203.45751108043413        288.67436279301086     
  -162.14834486269314       -302.23276328361845     
   129.10290605734158        353.73181683168701     
  -162.46926253378962       -295.94501264193445     
   89.894527504181809        481.12298806837168     
   383.08324707673398        84.896122243593737     
  -345.85210998498053        21.081242852598251     
  -154.81851493294999       -310.05597909180392     
  -167.19521482508662        288.67509293540650     
   162.07679056693871        296.62425533366064     
  -116.40476556040943       -375.72493041665092     
  -454.53944381967955       -181.75597736993731     
  -148.75579895797972        321.80264942934832     
  -342.87762549641502       -10.691716152674680     
  -238.74537629208507       -292.34685061474761     
   279.32140108518490       -293.13006631357803     
  -177.43319186526054        288.67141294542387     
   338.98896207685715       -9.7958440748114164     
   123.65720842131938       -363.86524556215187     
   383.30446012032706        84.510950128787243     
  -253.08922995804389        288.67926392783482     
  -346.12605303271459        22.157664896462528     
  -322.68452387985445       -374.82909122880585     
   267.27919707328522       -288.67314949750846     
   411.87071232006906        291.63391371266056     
   347.23964278976518       -18.679570596466675     
   205.22479154123167       -295.80275258838674     
   240.39694073811933       -289.27056997486653     
  -338.67478984498337       -5.0000101025838530     
  -152.37145328807139        313.81190138848615     
  -458.80912472485215       -167.56735820822004     
  -377.24258445050714        53.457155443519220     
   189.82553334980372       -291.32948512210749     
  -176.65372473556425       -288.67403904505028     
   154.32055478837142        331.44124918303601     
   161.07034348334665        300.36663291304853     
  -376.51605249424438       -74.794853837456373     
  -333.97402217100205        1.1152695281601606     
   127.90224442157883       -356.96108807445017     
   115.47743318944788       -392.46441889946101     
   142.72443864661867        354.12224534488433     
   132.20480029540425       -352.82337545492157     
   336.67772396420196        3.5645059031578956     
   350.10945402332095       -13.708108565285510     
  -339.98856970249074        10.691748038304436     
  -294.11960799076809       -317.18550835967466     
   178.44550972067151        288.67373179489755     
   205.27876458466545        291.39767019329531     
   128.35758368075898       -357.75128358685095     
  -341.39995544314957       -10.691708213927857     
   353.09429559443669        32.075942949656969     
  -376.01840066709264        73.935346110359319     
   190.00254458856213       -293.46087276750637     
  -481.66850782878680        128.62531819271595     
   352.37433775958391       -32.075088094663407     
  -166.71440644074562       -288.67428029943250     
  -448.71063257533535        199.30992900407824     
   193.24575657936452       -288.67426617945688     
  -448.71285772377854       -199.85061788206011     
  -166.60676502299194        288.77206206080456     
   254.30505812616778       -290.78565371798908     
  -248.20477854022019       -290.00011176596996     
  -148.56556999546564        320.02638508707378     
  -279.76727196437338       -292.36519642985382     
   192.18998346241619        288.67369506176050     
   234.57169128035994       -299.35312314797409     
   191.09820288262819       -289.11794871441788     
   335.15840614886321       -3.1666306716791079     
   371.22790372740212       -65.639740668181418     
   166.32915017258563        289.25788693606597     
  -269.77931703102990       -289.07651630049855     
  -370.85529533360813        321.59535392800842     
   333.56113593023741      -0.39568143294179459     
   152.30963357149031       -327.79759123503555     
  -193.22799112287959        288.67413446033095     
  -113.73619653073145       -388.46509222157403     
   346.10030849776268       -22.115136058210251     
   391.65148604722634       -96.227296922923173     
   346.39099874372141        22.620246613664527     
  -333.93746753630069        1.0536368652814254     
  -450.23586785518091        182.41816897383762     
   378.30332830041738        53.457115741280937     
  -239.70642287825598        290.46524630901979     
   353.55608426243651       -32.075979675632937     
   168.48874788987985        288.67363464197842     
  -131.35602560534639        352.82516187182028     
  -416.68211513951695        288.67388549761057     
  -175.98242110476869       -288.67185814349966     
  -129.94899379185364       -352.82499140218187     
   184.54572430047119        298.25775243248040     
  -375.51811149118583        311.83126016279215     
  -148.87056957593754       -322.00759048767134     
  -167.73290810327399       -288.67474847120127     
   458.22028235053426       -168.58490852706592     
   162.42328426240553        345.47572771863997     
   178.50181654442144       -288.67351567943319     
   278.61894445899679       -290.13186823804278     
  -83.853695157300862        481.12427511351785     
  -391.59416564225285       -96.227637063179174     
  -422.70155091826450       -96.225245357930888     
   166.47971178993055       -288.99894679153317     
  -125.47165224965117       -367.01014764755774     
   115.96330207466228        376.49590888970062     
   240.44666324855470       -289.18165842907132     
   416.10910202457887       -288.67479467775365     
  -460.96115091596016       -220.86313960281234     
   334.94184427969975       -2.7932238522881634     
   278.01989811049310        289.09215885987823     
  -389.16276477843945        96.228262233540931     
   240.74083172922531       -288.67500241013011     
   158.76267201079574        310.62377055314323     
   249.09947779950699        288.67313925193088     
   166.43406435304342        289.07046745801409     
   166.15346085299706        289.56019304548192     
  -115.33483509655615        392.21989531494785     
  -162.26201664463329       -296.30409065079539     
  -165.87585006246007       -290.03884213606591     
   128.25736330670637       -359.95229752362758     
  -346.88974056284007        23.482952640959503     
  -194.71227782909625       -288.67442048068710     
   175.57081144818295       -288.67437620091317     
  -268.90020248405921        288.67244971333628     
   117.18524971820716       -395.42116224429668     
  -333.48339791625477       0.26273184012677603     
   43.189015398544527        502.54015785764312     
  -456.96580964319713        214.13784322504608     
   283.72830360824759        298.98013386217315     
  -377.25547314045826        53.457116199804808     
   413.17082542978665       -95.517438386563754     
  -116.51244286176113       -375.54202795126025     
  -154.20775821799666       -310.25396750145120     
   264.88326593090858        289.62539123385352     
   239.88290961380059       -290.15565284580430     
   248.65417953252668        289.21651250032232     
  -180.40595850048393       -291.08763989889775     
  -128.71074010731044       -415.38725552274281     
   342.12487336180379        10.692061027199657     
   154.65965719578386        310.05452466613644     
  -383.00453666744443        298.86468082674293     
   208.21316008473036       -296.48441110629074     
   347.14417766738370        18.844645771963574     
  -417.02889259764913       -96.225834517011990     
   162.14834569102155        302.23570187689899     
   400.95249052857690        96.225629537910621     
   162.86029706956597        295.80235846896079     
  -384.32379446636145        88.320550880224843     
   374.90266655517422       -67.716688175164805     
  -50.924467869625772        494.48905716424497     
   234.72909946260643       -299.08756953293130     
  -268.38207507461573       -288.67327366509465     
  -195.79800674569648       -289.23618872978903     
   161.13405434608623       -298.25756464621691     
  -55.692517462302348       -481.12477872745603     
  -124.53736921193517       -365.38886398823132     
   239.96660147791562       -290.00998240435695     
  -451.70587739860554       -181.75840349738851     
  -161.33837897943755        340.67011452885572     
  -370.46930696700360       -63.977591039407031     
   170.92992801260061       -288.92977617393854     
   153.39664191359319        311.65776140617390     
  -176.45918469685765       -288.67264077541125     
   373.04971540112916       -317.18233322877836     
  -179.45209069214741        289.43496812028741     
  -57.239090414420360       -481.12222725698899     
  -59.699866099251786        481.17081424463925     
   161.58060354110717        311.73884920771309     
  -372.20529942665007       -60.969252844714191     
   165.16594902841021       -291.27274345868454     
   124.88770560725010       -365.99533080191014     
  -141.97756426344361       -352.82819600961722     
  -166.57583816649776       -288.83229284285011     
  -338.29525219753162       -8.6007996966414808     
  -133.56468253479539       -352.82199822766859     
   372.39255042992755        67.656182578649776     
  -124.10409595954253        362.39566305653449     
   403.01964775155574       -93.135513423800461     
   191.01428338212162        289.26688038741645     
  -370.94438072812937        63.152885192165613     
  -248.84215549715103        288.89765797493931     
   118.58173595162498       -374.20607089680124     
   236.14773186126828       -296.63025152644076     
   150.03112626677211       -324.01192477192654     
   112.41788534539879        387.16544196120157     
   333.33379508997763        8.9555458933610055E-004
  -162.32894367275205        296.18820339454345     
  -205.32349476478279        292.99853309083454     
   180.74335796367154        291.67309709480952     
   151.19301186947922       -317.18469378719738     
  -354.04383667004311       -32.076844080973842     
  -112.22540864535354        382.96647812977841     
   269.87673428461142       -289.23808536290966     
  -207.33043795498457        295.80276436442722     
   123.62844584446687        363.21926794041087     
  -152.52043600498598        314.07427937384784     
   273.79333938406631        288.67377284347299     
   398.38819939972456       -96.228898605711166     
   203.67055861476484        288.67335369979088     
  -279.79232072740945        292.15952622687263     
  -388.69902972066450       -95.902986850089974     
  -389.57672507755467       -96.225084638483779     
  -383.20398957454080        84.683157501822066     
  -191.65804238751500       -288.67510512923241     
   148.78926235457499        321.86484642025647     
   333.59745913572880      -0.45845917800240826     
  -341.05618862062522        10.693246777633792     
   66.506286340841413       -481.12181295714714     
  -390.85606548276377        96.225099188669503     
   346.94723802501727       -23.580074870907396     
  -333.75785785719592       0.73813487341127704     
   166.28699232006977        289.33096813556404     
   338.81785036672665        9.5016921582240155     
  -204.43330984478862        289.93090466077268     
   359.63497708283199       -353.59400823211729     
  -450.75172383689574       -203.14458865568568     
  -457.03886856224227        171.49766619087595     
   370.84273856287081       -64.969648389825750     
  -337.84683431999684       -7.8234095947589708     
   167.56102325631593        288.67385717500025     
  -349.98731339121139        28.848044364964593     
  -129.48980560110982        353.06088891031419     
  -337.45605094399542       -7.1411152910024045     
   376.64338031158644       -53.455316789185211     
   165.26132668777180       -291.10925413873036     
   444.83730579943102       -191.76960692581321     
   205.25779436770608        291.35914576831408     
   160.60859725496749       -299.16792940592296     
   148.59475372536514       -319.97536566513685     
  -388.54520518115584        95.636241434938484     
   164.61243404989705       -292.24730476434121     
   200.58516580912496       -288.67453514082359     
  -346.04658024138911        20.739682122268675     
  -264.36295670412045        290.52509700291677     
  -191.16903845533668       -289.00060106090376     
  -347.12505473145302        18.873669764452387     
   141.72590828490794       -352.82134013248219     
   384.76739913330721       -81.974765789197065     
  -387.17482048557400       -92.061793877569784     
  -270.09698145258170       -289.62712355009597     
   113.47519440257621       -381.33491839739503     
  -346.11921712179259        22.147184167002056     
   164.94622484577323        292.82397814393676     
  -290.33978593425064       -310.43072030245844     
   397.07237260604188       -96.145199098090629     
  -347.72219035498915       -24.928144450695690     
   269.44977214499784       -288.67472405188482     
   112.23997442072341        382.93895160527524     
   162.06011673493504        302.08078865127806     
   445.47249091400533        194.23185301892912     
   153.96969069061910       -310.66664594576730     
  -192.40142163151856       -288.67376138673603     
   387.51542304575986        291.05402303422892     
  -345.84831730319218       -21.082911813730405     
   276.73996839610021        288.67345299272336     
   207.74235848167459       -295.80214652840647     
   153.12185269596037        315.11142267525076     
   389.95210230572900        288.67354878252519     
   458.42042976689783       -182.49539709484850     
  -334.70888472136028        2.3862305990451942     
   179.99445306814440        290.37380574670948     
  -162.35740990277662       -310.38913293072505     
   338.33383776796251        8.6640511819925283     
  -128.24874974428670        357.56382255060316     
  -457.22054175712350       -214.57966475297559     
  -287.22772078143322       -310.05806096684285     
   283.74586614339216        299.00972395986025     
   427.64199662651924       -92.061861683775334     
  -370.99147284330002        65.229584810967879     
   190.94906288572037        289.37704338231845     
   174.47857109835724       -289.39843333508207     
  -351.35091545018645       -31.207426141747071     
   341.43530697655302        10.691674407723101     
   181.06942110759016       -292.23526803139521     
  -377.33520195992287       -32.077059548601035     
   337.49137713444310        7.2026188329255607     
  -198.98531437853671        289.71474090017193     
  -334.50020059498229       -2.0245350093609984     
  -121.60277496714680        374.55667527000810     
  -112.07357712798401        386.56771027489344     
   384.02581817845089        87.802051786685851     
  -462.77397670367679        160.69816435847318     
  -355.48521414726866       -32.075704217852810     
  -378.59974108526796       -53.458328021213561     
  -374.04200679663688        67.717994511370236     
   166.55783967847870        288.85868298538895     
  -384.00580699576693        45.006806873032147     
   130.08235949944444       -352.82372005453692     
   371.37689665049146       -62.404815785706219     
   392.43977699128629       -96.225062693896533     
  -168.75762547271293       -288.67353892083014     
   235.11618487277227        300.31858360476650     
  -149.70845847070078       -323.45508374376197     
  -112.73995993174798       -382.07889623373194     
   180.81410079504067       -291.79584388941265     
  -153.92802682088521        310.73864190933512     
   342.12380978574930        10.695428470968832     
  -388.90057024669926        96.227233105205727     
  -252.96322048004848       -288.67446261781947     
  -141.16829222276226       -352.82510474595841     
   161.55929464478223       -329.72542679121017     
   153.07763857458366        315.03874652015298     
   139.14135615046561       -352.82433106500963     
  -190.70957707375320        289.79451324467999     
  -204.90617871741543       -290.75773587123393     
   282.58261085960112       -296.99368617971226     
  -152.76550034079068        312.74689364153443     
  -126.64693588170593       -359.95223118937633     
   205.75742770730326        292.25105959762988     
  -347.92746762937736        17.819244436897733     
   239.55923780846933       -290.72121882012442     
  -315.27495952311796       -353.61774405627699     
   235.08338674423277       -298.47365294638962     
  -205.12803259189891       -291.14194618101533     
  -350.54307421954928        29.809061402228295     
   160.98721300090554       -298.50847029159598     
   162.33445187317403        296.17833070848877     
   148.94876619312785       -322.13687643616714     
  -44.318629703439257        502.50543513982956     
   267.13977930971532        288.67504199240364     
  -462.08586999281448       -161.89139622300732     
   116.35604919213024       -379.73137013331768     
  -351.01285797844997       -30.623695810854393     
   125.36950387024439        360.20297126424191     
  -346.32975065498459        20.249916194610595     
   214.23151910187715        310.05744905991298     
  -359.72744347749392        31.461937129881925     
   384.83493981618608        295.80254835363093     
  -457.26713372711674        214.66566531084922     
   351.44425373260850        31.369045393258688     
  -148.90323121073041       -319.44165318817869     
  -180.99347650240551        295.80116808382513     
  -334.04797099030935        1.2379134641453047     
   208.94687410311701        297.75046217210439     
   128.30213102870653        357.65428579814142     
  -137.04651038375704       -354.22703853276789     
   239.77794816736355       -290.33728600876492     
  -194.23244524030972        288.67118284502692     
  -115.69585940660696       -376.95911315186157     
  -253.18519337626563       -288.84619964399144     
  -84.361282058863509       -481.12459724814045     
   393.00000804705263        288.67481808290393     
   386.95183017368208        78.196193644392167     
   98.331886761739611       -492.57047439530777     
   414.49610566304176       -288.67511331451516     
  -305.88091357042123        352.82499250704711     
  -349.03532162632894       -24.947321737542016     
  -167.43878458124874        288.67266506640465     
   364.22282925924043        32.039352649191962     
  -365.72689515431722        29.426177213487371     
  -199.51960321627689       -288.78712559840233     
   190.60158569980746        289.98186264208135     
   202.50993356999416       -288.67502964652141     
   150.63482261640510       -324.31521456738261     
  -91.722559593963595       -481.12325140778421     
   334.33212548062437       -1.7353227786736001     
  -204.71982911794885        294.04913120566493     
   240.97585957367551       -288.67512752820147     
  -111.11327602346499       -384.90742078536113     
  -350.39997717088659        29.562704876552633     
  -111.29288873011909       -384.57719054984705     
  -49.393830994666637       -491.83624613481783     
  -337.98524896838046        8.0610934488186121     
   166.17689708144897       -289.52249601913491     
  -383.66225629432273        83.891739555746597     
  -203.84237656223070       -288.91504916793906     
   154.29593613081403        310.10186252297171     
  -127.64465591921768        356.51508874479350     
   359.95226641461926        353.04987171856357     
   376.96357118086354       -74.843598226369195     
  -142.39471519353916        353.55134782097514     
   355.19967874676144       -32.077240033195118     
  -355.42301460732426       -32.076587639187082     
  -115.25364624849637        392.08077877560515     
   140.75884849324225        352.82298809869502     
  -296.19565716332505        320.57451231427694     
  -371.94133300617199        66.871210807163720     
   179.17929481166732        288.96382133438715     
  -176.17286138230281       -288.67445149366819     
   392.56250577872953        96.227043600919245     
   387.16761009386562        93.246576193607027     
  -164.84073947780820        291.83437619853083     
   116.48821093719656        394.22057594518384     
  -205.31983471979018        291.47084442911012     
  -346.28846910578676        22.439995831327820     
   166.27882731734448       -289.34442046919008     
  -277.06373298751652        288.67324900636908     
   115.53299801869100        392.56089797022224     
  -125.10701950010117        494.67713548886968     
   334.79176547908207       -2.5266496454698668     
  -160.54625098143538       -299.27529478507108     
   195.02399713472249        288.67181281782069     
   375.22398344484168        55.735853588433507     
   119.69594858536644       -395.59341858242385     
  -244.94465369824712       -288.82708873170611     
   269.43972022835902       -288.67446503295821     
  -193.57229514274474        288.67510290996114     
   372.42680125070746        67.713564417432636     
   152.46679946266678       -313.97656682396450     
   115.90623415088282        390.84976911241762     
   288.26276383691390       -310.05693504713093     
   384.04986382802321        83.215198316133808     
   370.46217129565957       -63.989792530812167     
   89.170489855626727       -481.12113108811354     
   148.58115885651119        321.50327138294494     
   127.59324648308606       -356.35098582896131     
   371.97362051972169        61.371870032793581     
  -153.06582196395115       -315.01804468593559     
  -263.47097423872651       -292.40632298878302     
  -424.78731038161158        96.225553356012483     
   162.26025359554455       -296.30610081561355     
  -125.85918358966774       -367.08105694485465     
   355.31971069324828        32.076629087501217     
  -359.99993248067585       -31.935196630015458     
   387.12408611636988        78.916687261923087     
   236.57232410445815        295.88771295670256     
   123.49400895234231        363.45152789092543     
   253.52891750262987       -289.43689963564088     
  -338.88529504543624       -4.6385166341441888     
   295.44908506757838       -322.21808216315640     
  -371.71333197868648       -61.822544653284098     
   149.61620511159288       -318.20738126538743     
  -153.06803396301248       -315.01841132703890     
  -415.57006022198578       -288.67289949349174     
   204.01161013528369        289.20780116155555     
  -215.20256437298090       -310.05815902859274     
  -162.21833597618337        302.36001121550152     
   192.78351342515552        288.67512740801857     
  -265.37894709145752       -288.76262951472881     
