PSD @ YYE. Simulation done on 2023- 5- 4   19h55
 #            1
   0.0000000000000000        0.0000000000000000                1
  -234.53754449340747       -86.557150039744911                2
  -142.33429042106283       -176.54521310654445                2
  -250.16749945902893       -137.33828954326069                3
  -375.88335336739624       -200.50479682246495                3
  -342.63569265201329       -261.00351228798115                4
  -355.25274407649539       -313.40472273746263                4
  -349.36323714844548       -329.14675653113113                5
  -330.85397320967337       -316.13868967061563                5
  -354.58254819892227       -290.59552375786706                5
  -326.74441367457848       -299.87536812022245                6
  -312.26267235430447       -333.71289195724796                7
  -331.33296018131085       -334.97902154222226                7
  -354.16935424034585       -343.33563876265919                7
  -345.77253925520927       -338.91471160700570                7
  -353.87652961712445       -351.75153682520659                7
  -353.09746062811899       -352.49027081298397                7
  -353.31167076368928       -352.74769614704786                7
  -353.30932853405926       -352.67026320568101                7
  -353.46410561357163       -352.67646547280577                7
  -353.60105616917855       -352.61853493313600                7
  -353.78010408171235       -352.72167379531442                7
  -353.73006824437488       -352.81226486510513                7
  -353.71745577515264       -352.81497158334599                7
  -353.70868496319520       -352.80977846243564                7
  -353.69391045203605       -352.80548380077693                7
  -353.68985603060918       -352.82474235151699                7
  -353.68985603060918       -352.82474235151699                7
 #            2
   0.0000000000000000        0.0000000000000000                1
  -1.2708037548804747       -249.99677009476858                2
   36.895276066892919       -243.72251863054507                2
   113.68952161525254       -132.86088050795300                3
   227.65535970445171       -251.58934138852516                3
   193.75669818493162       -266.63051171947171                3
   192.43917097392796       -244.62529597946406                3
   159.62095499309740       -215.24242712916566                3
   232.18052439153072       -228.55082550899832                3
   260.93387968757355       -281.35401766881091                3
   263.83388724642276       -288.07627243955636                4
   263.62503554282000       -287.51500882332891                5
   261.76856680766582       -288.59431097359709                6
   262.82636430627917       -291.62832274395799                6
   263.47945043672894       -292.05486470119126                7
   263.47945043672894       -292.05486470119126                7
 #            3
   0.0000000000000000        0.0000000000000000                1
  -102.96067021843200       -227.81374056050984                2
  -108.60323403285003       -167.21447689007471                2
  -14.907239031501447       -263.88460723030232                3
   13.756488971668539       -122.94709027041668                3
  -100.87842650483455        71.233607204898647                3
   114.14111707647021       -2.0842368396251345                3
  -78.197163377668602        103.06117477088765                3
  -247.93047641277178       -12.999143770151363                3
  -228.71225187122332        71.222501633044047                3
  -177.92352660412720       -44.323700183079509                3
  -321.78470290813777        29.302113075281810                3
  -328.28952408115850        53.080911953930162                3
  -358.10355798382324        44.928601139162829                3
  -357.10089405261749        44.786690024821766                4
  -349.46069340804593        54.946119988749025                5
  -365.81291182587773        70.900163404824411                5
  -360.90999394819801        76.338198475048131                6
  -357.79851278432409        62.289677540270887                7
  -363.88731305366616        73.444901669946148                7
  -365.53461117749947        63.292384403042689                7
  -361.31077030411421        60.786533038079625                7
  -361.78538548311326        70.438693676999250                7
  -364.05829742722352        80.770790276956120                7
  -360.75038405363699        94.144563452453554                7
  -356.61051077195395        70.917327286779852                7
  -360.81577729716639        85.663370261299832                7
  -342.13679701185242        81.719217058727665                7
  -332.51989209273688        113.53303909936699                7
  -286.85519710670440        148.43821247303114                7
  -401.33788870772298        148.53738678363638                7
  -414.29422084436743        199.21997994709676                7
  -445.14294547538941        197.42454536815885                7
  -446.90110603605683        196.56097654478941                7
  -446.61314376969023        197.02603852600652                7
  -445.64354280697654        196.73597669544847                7
  -444.73103186842394        197.38839548945609                7
  -443.11896756492507        195.83057713138632                7
  -445.75465562725185        196.88328273482799                7
  -445.68537599086181        195.73895025789713                7
  -445.30386068885235        196.16210913957889                7
  -445.34074967582870        195.05098791940529                7
  -445.70075548755881        195.43205052474440                7
  -445.62293078754931        195.03665362250359                7
  -445.87069168794324        194.92276567391582                7
  -445.87069168794324        194.92276567391582                7
 #            4
   0.0000000000000000        0.0000000000000000                1
   123.75748222817315        217.21898073728136                2
   51.091117624549398        222.90544768249964                2
  -81.835765651507998        219.28401230618405                3
  -83.990009405438585        328.85941489895447                3
  -99.625823998918094        279.78202973278769                3
  -81.264831889242402        339.53006032327613                3
  -121.97568826682080        313.10944879479769                4
  -130.31574533949660        287.15137852192174                5
  -127.57404247380961        254.71041117683774                6
  -77.086943805844129        266.23814170954074                7
  -2.4480758930308895        218.13498966582813                7
  -160.04658670261892        136.41584621554898                7
  -286.60379532586109        221.32750208200474                7
  -334.70858336768231        269.28093322400753                7
  -353.24363144792505        322.77972115781688                7
  -351.68512938907793        339.95573403514868                7
  -353.15283266615432        352.74228494157018                7
  -353.07032448874702        352.73444768073722                7
  -352.97989448937886        352.72723953415635                7
  -352.97444544223077        352.62946628753360                7
  -352.82347971640809        352.75399396259786                7
  -352.83664250765702        352.68405122173203                7
  -352.97387277651285        352.71692692643819                7
  -352.86672381487261        352.70161440271164                7
  -352.74549545825681        352.67777508075756                7
  -352.88006743596856        352.61765831832065                7
  -352.69079211511269        352.53260733166991                7
  -352.55095287372041        352.78957948210649                7
  -352.58421039214619        352.77692123158653                7
  -352.54176054199405        352.79984335255421                7
  -352.51794068023514        352.79125411886338                7
  -352.54469533969132        352.77041899299815                7
  -352.52844905707565        352.71813965328835                7
  -352.43194234464346        352.67187116195225                7
  -352.30626671668028        352.75964636054925                7
  -352.37146517341120        352.76611076015223                7
  -352.42725815770149        352.74675907656825                7
  -352.48078669215880        352.68946939887167                7
  -352.48605105748612        352.82506234936267                7
  -352.48605105748612        352.82506234936267                7
 #            5
   0.0000000000000000        0.0000000000000000                1
  -31.292378660817370        248.03384252506356                2
   51.846547307006809        357.62482051494487                2
   115.91177919407895        346.86628297602260                3
   101.17056216774273        344.99553250355382                4
   84.215989389554323        322.01122474081376                5
   31.904792231235191        338.60749707815734                5
   108.73632706092280        288.47436420154844                6
   97.153145824539578        337.39118803427584                7
   131.37319967376274        348.05275499744675                7
   127.80091533919284        351.21735246609728                7
   125.74812272771889        349.90765860796409                7
   121.99254696346682        352.98557789970158                7
   121.88299291659322        359.51836026180922                7
   125.24508767033110        359.49354812015360                7
   125.74562969092669        359.31179378133214                7
   125.43648168549510        358.75009709017576                7
   125.05116176384448        359.89222006363116                7
   125.46332795950991        359.76436362709444                7
   125.63542187165758        359.85685977691207                7
   125.67134882128782        359.76774333163780                7
   125.56058679473925        359.61931268837787                7
   125.24961660696454        359.74017817540766                7
   125.11866925400429        359.42675392795758                7
   125.06356875428837        360.08283856107704                7
   124.75045807085343        359.99393449433609                7
   125.09900389370020        360.53201160232737                7
   125.15798723002844        360.49392102225556                7
   125.12348814725236        360.47757028216154                7
   125.12390737447274        360.55379923747415                7
   125.09168316504929        360.53413056202288                7
   125.09861663666388        360.60930538830553                7
   125.11300781723371        360.63777688464262                7
   125.11410464881575        360.64286300046251                7
   125.11410464881575        360.64286300046251                7
 #            6
   0.0000000000000000        0.0000000000000000                1
   247.13399267823337        37.746386090788775                2
   207.15827908698739        76.644790393959539                2
   62.567677613880733        47.025372550483482                3
  -188.49464637658119       -31.707825596177969                3
  -227.87184254349569        111.23645678484627                3
  -115.44171672727776        205.86168314337885                3
  -113.14705565030145        108.51283739709523                3
   27.295801521094987        233.40721663185724                3
   73.640869404075829        92.500455616200469                3
   215.31323473847789        257.02171420990948                3
   188.47715861262890        240.23588565630317                3
   154.88350534456472        275.13326804856877                3
   139.65299849426424        284.63362074633324                3
   163.86076708154297        292.37444679355337                3
   163.36767154560772        292.68044188316469                4
   164.16155729451987        292.36472631388108                5
   164.46957246946539        292.46744860437542                6
   164.29618000310293        292.62607646792225                7
   164.52544689784770        293.03003224681572                7
   164.06006962875708        292.98142339323664                7
   164.80613161856684        292.58119956219878                7
   164.80613161856684        292.58119956219878                7
 #            7
   0.0000000000000000        0.0000000000000000                1
   245.50753445645603        47.181039890108984                2
   238.53940483073916       -4.8230532526792800                2
   230.28403118264080        89.733805459755786                3
   259.78583107881298       -41.091245281251190                3
   194.23567337069028        11.832306669490734                3
   295.83257015190770        107.57275294289501                3
   216.02253338476439        140.30899407142888                3
   180.21980840663679       -3.6725204988281064                3
   42.679180528849884        63.705625849053831                3
   177.92667144458107       -154.68002566011182                3
   96.993934214294285       -261.47225975433685                3
   123.03441396676001       -192.26975616542620                3
   36.091361438227381       -252.59119582664940                3
  -62.136470625045391       -339.45122964619054                3
  -33.095807314333506       -281.14542072615063                3
   84.652229447783753       -261.10894917325851                3
   3.3937574828370742       -236.82433768009079                3
   69.807025868635080       -83.245170924543913                3
  -62.833547973983329       -267.60823164927979                3
  -159.33378594081213       -239.69720122504006                3
  -188.90098141704232       -199.96824391951904                3
  -194.77953486358288       -288.48013612985824                3
  -194.61924644355304       -288.59118577523816                4
  -194.68292091708466       -288.64589377948312                5
  -194.70198933287816       -288.62372576648517                6
  -194.65565352566045       -288.60145783888703                7
  -194.72517088845152       -288.57705290835366                7
  -194.67518442434036       -288.49266469457740                7
  -194.83315180832551       -288.40133249823441                7
  -194.69546991236083       -288.63799952934426                7
  -194.69698681982467       -288.67510360026790                7
  -194.69698681982467       -288.67510360026790                7
 #            8
   0.0000000000000000        0.0000000000000000                1
   249.45120135348185       -16.555909618763391                2
   325.08948306172539        12.205564105795474                2
   337.01955807770526        6.4585417868138624                3
   337.02842490850838        6.4943674475144073                6
   336.35016587473694        6.4385220573286670                7
   335.05564397671560        6.3795058004390821                7
   335.25112075314200        3.8799557860613039                7
   335.47567998919129        4.1426754516014164                7
   335.95419771337902        3.8170794606564202                7
   335.71898690751010        3.7233751331059208                7
   335.74518974089648        3.5660577990498465                7
   335.74518974089648        3.5660577990498465                7
 #            9
   0.0000000000000000        0.0000000000000000                1
  -249.41621998604128        17.074812089000098                2
  -198.23456935883797        55.726933270836646                2
  -316.74407939836181       -29.787177549545881                3
  -297.68997235627347       -51.993176774356471                3
  -253.08505166282924       -87.263402752967082                3
  -193.67775289316484        9.0116582043116580                3
  -65.615018383455975        65.445931138119420                3
  -41.975963194324095       -178.44729953142732                3
  -4.6973486726443525E-002  -17.388592913968210                3
  -279.55983192053475        135.02883332952914                3
  -360.85564482833388        54.990926282408040                3
  -357.93556540553163        57.198180997829240                4
  -344.54700914789339        52.330004835578784                5
  -364.88829064065783        45.269012750547027                5
  -377.96958756333839        43.548184853831344                5
  -379.82992968908940        39.112109280948296                6
  -381.37939922740753        35.072327438626196                6
  -381.37757361054554        38.069639366295497                6
  -378.02904736129682        37.025046434663189                6
  -373.10765647480838        36.493329035803690                6
  -368.02837432185822        34.142707989419428                6
  -371.45199428829415        36.828593427177296                6
  -364.49539181993310        37.178831281451636                6
  -367.51411132372408        41.304966858568498                6
  -373.57682884685971        33.595545718058140                6
  -375.03824180823591        36.586870281952528                6
  -371.47669083693756        33.434550174951156                6
  -376.26504915840457        31.775876261968090                6
  -376.19107764827658        31.829434205979339                7
  -376.09946197538608        31.986884785833325                7
  -376.41194284552012        31.852298636309214                7
  -376.41194284552012        31.852298636309214                7
 #           10
   0.0000000000000000        0.0000000000000000                1
   235.24407758516489       -84.618106579531315                2
   115.37356388635081       -127.34237868100075                2
   256.73075614476511       -220.49485970214928                3
   196.28558751120786       -188.95232535089582                3
   257.66679838144114       -110.35852384210870                3
   182.48807965119681       -204.79728126108785                3
   110.39969671541743       -161.91652420645642                3
   196.80445439610423       -270.39663789197829                3
   191.95166517820087       -288.01917682716402                3
   191.51949494235092       -288.51264362461274                4
   191.60043423118606       -288.37174597765068                5
   191.70368077624468       -288.08646575759138                6
   192.18746761267255       -288.42184807199516                7
   192.27977004292185       -288.18597877765785                7
   191.79255755885328       -288.14241952118647                7
   191.63595770130462       -287.63324191535077                7
   192.56918853361495       -288.09651350863294                7
   192.22535618673768       -288.56189687599039                7
   192.29329603020528       -288.47130461012995                7
   192.15283820427734       -288.61901467001570                7
   192.09851565109949       -288.60492544805413                7
   192.14132072832822       -288.54927430563964                7
   192.08097936554100       -288.65972670410957                7
   192.09632849545616       -288.65838234300742                7
   192.08001365361608       -288.65457920268824                7
   192.07121946024296       -288.63600001249290                7
   192.10648091454894       -288.65297485781144                7
   192.09982962411399       -288.63183687589441                7
   192.05674501495457       -288.62754631449474                7
   192.10170022908491       -288.61193628098624                7
   192.07911692422815       -288.55291068304535                7
   192.01651847399953       -288.44793393020581                7
   192.14483100349634       -288.26043449881456                7
   192.54117828303382       -288.13843038566966                7
   192.54001681261909       -288.67513333805442                7
   192.54001681261909       -288.67513333805442                7
 #           11
   0.0000000000000000        0.0000000000000000                1
  -30.266199304132396        248.16115163272946                2
  -166.53891377007983        224.08472537157695                2
  -109.86895816106647        193.09354250128087                3
   1.2972601368036436        191.12063906427346                3
  -107.67072887518637        33.038705925346960                3
  -322.74810081308874        108.91288612085758                3
  -301.23776409892974        168.78991122316711                3
  -401.99645830083045        218.12956508718804                3
  -412.04504717900147        169.55732562481325                4
  -385.35606974646186        198.68377543299985                4
  -385.10546258438836        258.09953140685616                4
  -390.61810617280474        288.41112301099463                4
  -390.68391233333131        288.66680184396103                5
  -390.68523889182552        288.65857536358823                7
  -390.66887812977956        288.66113145514225                7
  -390.65506759462022        288.65881692727402                7
  -390.66680193273174        288.64747798627411                7
  -390.69430405047899        288.65039714973199                7
  -390.69020028088482        288.62600247276634                7
  -390.71042963739291        288.67077677959605                7
  -390.71362108614738        288.67374413672206                7
  -390.71362108614738        288.67374413672206                7
 #           12
   0.0000000000000000        0.0000000000000000                1
  -167.15077890932045        185.90486037220077                2
  -155.06282943923884        136.39321760156531                2
  -94.187153707497032       -3.6731359089863531                3
  -262.52179058819729       -173.57851305544810                3
  -165.12748273162185       -112.24678320120070                3
  -101.44565415492102        52.294874052461054                3
  -337.63943857603880        25.477979979068763                3
  -340.62188719128227        33.979825567699926                4
  -340.08585630908880        44.644202608121745                5
  -328.13839712249444        32.247374451012803                5
  -322.47039896125642        12.418939613850686                6
  -322.61638205817695        28.081989495751699                7
  -311.94092301716131        6.5694036248484409                7
  -301.52601261046038        26.376521646964211                7
  -312.00668956948448        65.760513450529970                7
  -287.64155098275364        111.89823974746983                7
  -322.18138978542385        22.842366075704291                7
  -327.67224050599759        2.4061716838441178                7
  -323.05593032561148        6.4715516771913508                7
  -329.45110715407606        16.786139044509977                7
  -317.69326444794325        16.782445987973041                7
  -328.44500464787797        35.962756884627161                7
  -350.13116398022220        40.780185879533654                7
  -342.79061315169633        35.794498252825790                7
  -345.93057899064519        26.609371583996410                7
  -346.52663188732089        24.228357761221865                7
  -346.17101044783152        23.638872475581092                7
  -346.86820438653950        23.718105445500473                7
  -346.85932827988125        23.580881660693016                7
  -346.79433205897845        23.540374319916189                7
  -346.89409545486200        23.488119200133397                7
  -346.89409545486200        23.488119200133397                7
 #           13
   0.0000000000000000        0.0000000000000000                1
  -141.51854197178571        206.08857871842369                2
  -192.40085824908013        168.81806232108721                2
  -91.494341477112002        104.13736468278374                3
  -198.24363647903459       -64.117367836398827                3
  -331.59713632639949        3.5369530375353122                3
  -333.48236042532295        6.2113415793245492                3
  -331.90584519297164        3.6865041412772577                4
  -329.77167982032159        5.9065527200541421                5
  -325.42809416580815        1.7127722335736122                6
  -318.30719479647746        5.5493315243626427                7
  -333.77532085924048        9.7107009867558460                7
  -329.66244120559492        7.9533804334495768                7
  -327.39907220443524        1.1006032498371852                7
  -325.97749091725120        6.9662566067472351                7
  -335.49020758178438        9.5351445688819005                7
  -334.26240882533244        12.162036992044193                7
  -337.36281272826574        7.8926042010994486                7
  -337.53253148836507        7.4686424556839857                7
  -337.61446453125387        7.5218779269860070                7
  -337.56115830215441        7.5244981801116371                7
  -337.60709176016371        7.4347213191309027                7
  -337.59668792457757        7.4223332203659158                7
  -337.59297274931129        7.4409595515643829                7
  -337.60564473441792        7.4120948206956099                7
  -337.61168260293840        7.4130768238039106                7
  -337.61168260293840        7.4130768238039106                7
 #           14
   0.0000000000000000        0.0000000000000000                1
   230.96347013593470        95.686338955815359                2
   214.57794732624140        133.06430255415313                2
   64.337757600455859        92.535097780972279                3
   68.206361629193253        313.72992949022466                3
  -3.8641643511983261        323.58884800579818                3
  -92.336243929169527        237.37167399452142                3
  -145.40537661853074        164.29141695132506                3
  -43.890535207403502        239.24532707347657                3
   86.308576971614343        254.08570918853513                3
   69.599757288421998        339.35083539490461                3
   56.273737990828373        396.54341391744629                3
   110.94470278997073        408.94454319267504                4
   114.91994959946049        397.44601442318566                4
   114.78558992159992        394.47468406458410                5
   116.27644995000497        395.06928894547616                6
   116.20749136344544        395.67662670983566                7
   115.33133617111584        395.24971513574548                7
   116.84573495853031        395.11997954419741                7
   116.98762015352946        395.14191051997943                7
   116.95733269701090        395.15112943859879                7
   116.98484042996522        395.09500994898076                7
   116.99240436470905        395.10245949121986                7
   116.99546130551087        395.09529364471445                7
   116.99546130551087        395.09529364471445                7
 #           15
   0.0000000000000000        0.0000000000000000                1
  -81.557614886950887        236.32256653555498                2
  -23.061810548503132        155.36065213561278                2
   81.693005185019231        320.95514031296295                3
   137.62985350266854        307.85947579138195                3
   126.57623078046032        296.91606435504968                4
   156.84156398276821        292.41045502324585                5
   156.61397583310509        299.04768251636017                6
   153.54217855601951        301.43915648992794                6
   146.77705490636345        298.82130319829650                6
   158.66176944319108        292.34530312738394                6
   153.66578754107701        290.88763749032887                7
   143.63450752697662        289.32124535558864                7
   145.77823877598524        308.82717883357350                7
   138.41754933540136        305.65816683054288                7
   142.17200600176190        321.18361164364359                7
   147.19956536247398        317.92388600869538                7
   146.01013996963894        319.81566613292705                7
   148.31299758977528        319.43992019595777                7
   148.74589680194512        319.16587332254556                7
   148.80190225438832        318.89717536135146                7
   149.14984286379749        318.99080988617646                7
   149.14689937209411        319.00262552709762                7
   149.14138555250830        319.00950711971763                7
   149.13496452942360        319.00164318285522                7
   149.13094133737908        318.98241442844534                7
   149.16357316274522        318.98511874865420                7
   149.16357316274522        318.98511874865420                7
 #           16
   0.0000000000000000        0.0000000000000000                1
   159.55629101110719       -192.46243789056314                2
   73.166226867822061       -150.11105273702850                2
  -68.098099714592948       -239.47954303917550                3
  -151.96614136912098       -310.59566262707523                3
  -152.97421205526067       -312.05147849503390                4
  -152.91493341190926       -311.89231755152309                5
  -153.16614227305715       -311.72693918607536                6
  -153.05640970082496       -311.60252116025032                7
  -153.28838365705877       -311.82747518438657                7
  -153.28270173235296       -311.83541401789188                7
  -153.27551714181078       -311.82746607185015                7
  -153.26555473893370       -311.84585019400828                7
  -153.28315671289374       -311.83564663180681                7
  -153.27361927462283       -311.83927300560106                7
  -153.26650613594867       -311.82421883355380                7
  -153.23636705409893       -311.82768126448201                7
  -153.25774074046470       -311.77732200209743                7
  -153.25474828875758       -311.83862579546883                7
  -153.24487808625341       -311.87044659849931                7
  -153.23151546468361       -311.89269617983126                7
  -153.20700822477076       -311.88287620709787                7
  -153.16624483866821       -311.91601692730478                7
  -153.09502327119890       -311.91346983660566                7
  -153.15326627310276       -311.79254486028719                7
  -153.17957171195741       -311.93436882854235                7
  -153.22996599510446       -311.93040749622986                7
  -153.22149679660038       -311.93310257030333                7
  -153.20898113809591       -311.94114087458354                7
  -153.21989602801193       -311.95988953701584                7
  -153.21989602801193       -311.95988953701584                7
 #           17
   0.0000000000000000        0.0000000000000000                1
   240.12399290084406        69.573472195624930                2
   207.84144010845003        102.25150326412961                2
   168.25222604994141        257.07497147743283                3
   175.48232263969328        226.31304675956292                3
   237.77974405483104        229.15228683327695                3
   204.44272137738247        179.84090554410318                3
   168.00364392208274        282.39373606217828                3
   164.59921431046459        277.11492686451601                3
   170.01745707253838        287.53391949259759                3
   169.46293673488219        286.53648322663867                4
   171.26455824679596        287.68886753857777                5
   172.25016427329459        287.65276398273630                6
   170.51815433399292        288.10132140213238                7
   170.29568749085607        287.57238843492485                7
   170.91666284072073        286.66110433651841                7
   169.83601603091108        288.36600411733627                7
   169.88476411600038        288.06074148237241                7
   169.84786013543913        288.67402526075983                7
   169.84786013543913        288.67402526075983                7
 #           18
   0.0000000000000000        0.0000000000000000                1
  -245.23581990009640        48.573579628512881                2
  -193.23004034572634        49.042639863491594                2
  -309.79858501940924        140.94415031577390                3
  -281.08371754991515        54.747497170199821                3
  -227.51302516798856        5.7136683438159253                3
  -292.92657767321987        89.090228447942252                3
  -289.94126109144543        168.57257582958528                3
  -171.37200892119228        149.44257160214434                3
  -304.94555762171819        110.15117706013717                3
  -352.13879221164780        45.975372604494936                3
  -355.80401392298455        40.364786138171603                4
  -360.59118763720096        47.132597756383305                5
  -364.63726616912857        32.628803482655726                5
  -364.04908191003318        33.021344116401195                6
  -363.20453206277472        33.448280220816308                7
  -363.89444307776705        34.635664017971507                7
  -363.89997756034865        37.196307099954133                7
  -359.04933941008295        38.839153035934700                7
  -352.26536204121891        39.732591320999909                7
  -354.83281448006517        32.518253944934102                7
  -354.39432462972883        32.453543409716076                7
  -354.38921115605291        32.832037324373083                7
  -353.68017457197396        32.566801598649221                7
  -353.38493276101326        32.960103487727793                7
  -354.18299022935395        32.577368608172058                7
  -354.30226723697041        33.065356505901285                7
  -353.45431297037146        32.553741465818192                7
  -353.92687737213993        32.477178038771008                7
  -353.99159168666625        32.080255875796638                7
  -353.99135554885231        32.075020277459622                7
  -353.99135554885231        32.075020277459622                7
 #           19
   0.0000000000000000        0.0000000000000000                1
   110.49752757085891       -224.25498077128026                2
   78.917292564242672       -280.40339994381350                2
   133.53319686496880       -221.77091435118308                3
   112.82758985105829       -150.04031177673335                3
  -35.328498025730937       -137.07752213860368                3
   6.2872508764357278        59.135831351136403                3
   279.05901997077115       -4.1524829569164154                3
   291.91552723449490       -57.045340949871395                3
   322.83168245113910       -113.52951679759394                3
   360.83169845010337       -59.738564245264548                3
   358.69290099937035       -65.403241007707464                4
   353.77610797881488       -54.737455740828025                5
   340.00681248596743       -67.942477453791057                5
   361.28526111681816       -45.952572278086969                5
   371.16105843469063       -55.702199173124846                5
   374.29274036150628       -57.350900994867587                6
   374.45257785785572       -57.641144359800030                7
   374.17211230333527       -57.452432672580798                7
   374.54112407039736       -57.135276761283450                7
   374.54883207697662       -57.138679982314912                7
   374.54883207697662       -57.138679982314912                7
 #           20
   0.0000000000000000        0.0000000000000000                1
  -127.37945949326334        215.11502341585557                2
  -92.733999688615327        276.86343777284503                2
  -157.03572862940069        304.35835283585197                3
  -157.53029362834192        304.29176237961303                4
  -157.43566838582319        304.24856917086373                5
  -153.28378024813242        307.19187518346939                6
  -150.82398515343874        308.99260237526897                6
  -154.37444045660487        308.71321692633808                7
  -155.01761647028269        307.53167060999556                7
  -154.68092464512043        305.02739552801063                7
  -154.01121756327376        300.04108604709444                7
  -147.50463277374934        299.66262228895675                7
  -143.43867784368769        287.91508985821082                7
  -151.77003569340104        306.64145024823711                7
  -155.02026347811000        303.88111454137544                7
  -157.77212960335913        309.41167064995170                7
  -158.36343227830102        309.14952419678917                7
  -159.15879395236720        309.58952037701374                7
  -158.61471284943568        310.25736669878552                7
  -158.66913563908179        310.24850128547143                7
  -158.61804502987826        310.34217930971994                7
  -158.62855554995457        310.35373355719111                7
  -158.61219316954390        310.34418475100244                7
  -158.62173679393629        310.34450547624283                7
  -158.60671467391680        310.35377844749615                7
  -158.60671467391680        310.35377844749615                7
 #           21
   0.0000000000000000        0.0000000000000000                1
   248.90611084444024        23.361249630429491                2
   251.10672190161290        84.757318816871589                2
   273.81460424663851        196.05337259379729                3
   216.41682462836971        268.74646505150912                3
   211.11019879051887        249.53731119239134                4
   246.11799295095477        230.53521293533808                5
   192.66557287139631        207.66406783483458                6
   124.78255212778788        163.45220933157211                7
   202.79471946515611        56.919764463749829                7
   87.658306633093773        140.72785319866102                7
   26.267479359233299        296.81079702769671                7
   127.84143478800090        355.92102015834422                7
   127.84143478800090        355.92102015834422                7
 #           22
   0.0000000000000000        0.0000000000000000                1
   73.566161715125972        238.93099390933762                2
  -13.081056021307802        299.11735786409514                2
  -118.83704228901661        227.38573216275370                3
  -133.67071706624208        303.70103804033960                3
  -145.57333493091735        286.32428659126134                3
  -132.17334126680484        272.23663016364429                3
  -128.18947243380634        310.11907467777729                3
  -148.74637785844993        300.72837266311035                3
  -144.24655256419030        309.08689789736746                4
  -145.79219519311161        318.16678902289783                5
  -148.83801099907211        319.51778837130144                6
  -148.81964659962867        319.51404601637205                7
  -148.83855622333576        319.54528575081582                7
  -148.84278570875028        319.54688281040734                7
  -148.84278570875028        319.54688281040734                7
 #           23
   0.0000000000000000        0.0000000000000000                1
  -249.96184464313504       -4.3676335241434678                2
  -221.78630615808746        64.475398456866287                2
  -149.36778006713376       -42.086176623954245                3
  -332.97954327312254        1.5176244001475609                3
  -331.91497267707825        1.5543352490003104                3
  -333.92034656887864        1.5771778870377047                3
  -333.67802042320176        1.7178960682094533                4
  -333.15501762318820        1.9192945634315963                5
  -332.31247578954248        2.6481857696426632                6
  -334.49985017004963        2.3457644711865444                7
  -334.36899783875629        2.4423686711217520                7
  -334.67324709584159        2.5545519380085584                7
  -334.66109797542958        2.4383084811728670                7
  -334.64978371174311        2.5066546396229441                7
  -334.56245683674661        2.4345499083534543                7
  -334.51531905614758        2.2891785547336303                7
  -334.41254287117215        2.3529616570544167                7
  -334.62931594396326        2.4602216413085873                7
  -334.54824069458999        2.3892401950151867                7
  -334.41154477288973        2.4294225461853962                7
  -334.66178448021935        2.5571509733162321                7
  -334.53445201917270        2.5711807523194463                7
  -334.32561325997250        2.7000339844051524                7
  -334.68665215771472        3.0323218021939340                7
  -335.03080418517328        3.0318021630627863                7
  -335.07519867807588        3.0432558347385075                7
  -335.08109340546360        3.0549863033820701                7
  -335.09480775864074        3.0527936408971672                7
  -335.09480775864074        3.0527936408971672                7
 #           24
   0.0000000000000000        0.0000000000000000                1
   130.47735372681177        213.25022899037748                2
   171.44542901654029        268.83779429932019                2
   179.45038950712851        286.98829505118118                3
   179.17838283835974        285.32353079816960                4
   175.95361005460575        284.41024633928851                5
   180.21331280080415        284.19999804288557                6
   175.67354238361963        283.27282290016586                6
   179.39095287870623        279.35289549559053                7
   188.30723642752511        282.10014373915959                7
   193.24981509498335        287.40191041628276                7
   192.89083540986084        288.62348046931419                7
   192.84159131937236        288.63907432172482                7
   192.83741265863992        288.67489166514491                7
   192.83741265863992        288.67489166514491                7
 #           25
   0.0000000000000000        0.0000000000000000                1
  -200.30359209196968       -149.59435482348192                2
  -213.36731852328282       -11.128466051086860                2
  -231.43312827690326        107.99044086129808                3
  -156.26517631114217        228.75036817943612                3
  -174.19344623869813        170.63199097430217                3
  -248.83083127067056        262.08386089177100                3
  -260.31622448153308        286.06680441298971                4
  -260.44044006106037        288.67217517877589                5
  -261.80055815812204        292.77709499364050                6
  -261.30539065037601        294.36504205913963                7
  -260.13197458187068        295.19612999476203                7
  -260.90191714858554        294.11221256951683                7
  -259.36421232019580        293.29604542592739                7
  -262.50780457388316        292.83224828312422                7
  -262.78648943951879        291.82283293742603                7
  -262.53538015336431        291.15090588846084                7
  -263.33723506144219        292.13671761528906                7
  -263.29096821000229        292.06731142237123                7
  -263.15469148353651        291.98699230436750                7
  -263.46966993442300        291.95741917434242                7
  -263.45270899380739        292.01327158772074                7
  -263.43612244827335        292.05524662748064                7
  -263.46979129416843        292.03655323948112                7
  -263.46327854596575        292.05408119288757                7
  -263.46812890255512        292.06888171624269                7
  -263.46812890255512        292.06888171624269                7
 #           26
   0.0000000000000000        0.0000000000000000                1
  0.26153538688541250       -249.99986319844538                2
  -25.584506032635872       -221.22906618961935                2
   129.88161578155916       -209.55558084358287                3
   165.80932867162551       -130.04304597704319                3
   321.51251479663830       -99.688599874481739                3
   364.15078149585764       -57.359457034031038                3
   363.15594551471651       -55.634776238575029                4
   358.00327038525671       -64.789857450920820                5
   357.26937370118753       -77.151731782149270                5
   361.30355498608924       -59.767020517989195                6
   370.90769195562211       -56.737422258618928                7
   370.36642819131225       -53.189244963590468                7
   374.38203326798163       -56.923819852650425                7
   374.25131876592764       -56.876832879247438                7
   374.12742782282663       -56.630650771305284                7
   374.47811183315957       -56.265905811513335                7
   374.42662413375541       -55.884713732219339                7
   373.97694452370013       -56.311315406209488                7
   374.63487241496125       -55.863316550764885                7
   374.97453883055800       -56.158777849576573                7
   374.96924556032911       -56.165169851220860                7
   374.97771909594621       -56.169864817118807                7
   374.97771909594621       -56.169864817118807                7
 #           27
   0.0000000000000000        0.0000000000000000                1
   103.32273349871883       -227.64975893321900                2
   70.811874262061252       -176.00539325473579                2
   204.60445316792061       -112.90105370277405                3
   112.73908595049417        27.677213602498426                3
  -87.079840613420686        125.14642267923395                3
  -239.75525547568145        223.96909314828480                3
  -183.57448630651822        191.86624319316360                3
  -145.48485406868511        102.86544898096027                3
  -32.129258059852333       -45.877340109257730                3
  -14.313969850628464       -322.88582161787343                3
  -117.31184959062409       -272.10457509245026                3
  -132.17112548747122       -223.28819651885834                3
  -156.32404031190086       -293.15972675598806                3
  -151.70109411868972       -298.02956356650679                3
  -147.52518188475869       -290.87584638827661                4
  -161.55308912509255       -284.33790288154660                5
  -163.18740479537695       -277.83488308316697                6
  -173.35807465123935       -272.71885037336102                7
  -159.50072898749048       -280.77773589618306                7
  -163.65552939014623       -290.59899867858786                7
  -164.94329365817600       -289.57416419368889                7
  -164.08390522412125       -290.16512777383645                7
  -165.55001958823766       -290.44044247875325                7
  -165.48741160305124       -290.38385585070836                7
  -165.64397151526825       -290.44170056322486                7
  -165.64397151526825       -290.44170056322486                7
 #           28
   0.0000000000000000        0.0000000000000000                1
  -150.84348493417787       -199.36459829396102                2
  -111.43193403998742       -119.22034366232559                2
   54.435259694870666       -53.998599582327401                3
   311.99274699058094       -90.510317348754910                3
   356.55037835507966       -136.08418989926440                3
   374.38777212321048       -184.21274784538866                4
   437.59758577172698       -152.90283573170680                4
   459.95219081803003       -165.58846237735315                4
   461.58869795055324       -165.80067032295429                7
   461.55711130249858       -165.46308921003208                7
   461.62262516039283       -165.27664466926589                7
   461.66980705170403       -165.28338547503213                7
   461.66841037767813       -165.27331115995864                7
   461.66625866995628       -165.26734419611304                7
   461.66352353899231       -165.26289459095793                7
   461.66883939476855       -165.26215608370339                7
   461.66883939476855       -165.26215608370339                7
 #           29
   0.0000000000000000        0.0000000000000000                1
  -209.66057897235527        136.17063422403811                2
  -186.04859681839193        105.10759876019149                2
  -297.20659074864079        246.81898098643808                3
  -331.73159351406451        277.43663198046670                4
  -352.32998176536802        229.31526135540591                4
  -318.79272006513054        290.43318277551390                4
  -327.59083007548696        256.92812014211955                4
  -290.28481040623615        211.12993237981482                4
  -215.00955241039313        188.69514275758846                4
  -119.73001845568182        156.35891861000056                5
  -145.37434866507115        294.39151724500800                6
  -156.54260132390209        305.73269280886188                6
  -160.60365739903344        304.24264576490856                6
  -162.84404929387696        303.53857716387182                7
  -162.39563647004999        303.12815728152674                7
  -162.56329085035938        302.94065396359878                7
  -162.55351388857383        302.93876817877475                7
  -162.56076109465053        302.94232137556304                7
  -162.56246610997010        302.93082251697081                7
  -162.56246610997010        302.93082251697081                7
 #           30
   0.0000000000000000        0.0000000000000000                1
  -249.63207112308839        13.558357820818431                2
  -184.20423500845254        19.622278167810553                2
  -65.073824283468255        111.45074329809258                3
  -269.08004620532085        121.98886035771235                3
  -265.67570630801504        238.57857785892878                3
  -304.55278082047693        270.17348368477599                4
  -279.64449075064562        291.12077372741811                4
  -279.64100829129376        291.51455961886847                5
  -279.75059840022459        291.35460872466513                6
  -279.47587313900203        291.10859743217208                7
  -279.22713727890755        291.15935706550306                7
  -279.23275258193229        291.14755379864488                7
  -279.21879435500205        291.16687479459898                7
  -279.21879435500205        291.16687479459898                7
 #           31
   0.0000000000000000        0.0000000000000000                1
  -121.18097620013540       -218.66680362410347                2
  -105.86464041587074       -150.35446020471807                2
  -36.645880592918175       -284.66104473617554                3
  -117.34618807588728       -366.03999755212828                3
  -121.01692540878538       -364.37582923849084                4
  -120.41335956606055       -365.94740204137321                5
  -122.30959381055247       -369.29915893228599                6
  -126.17194173099634       -368.88338065505138                6
  -126.23207805973441       -370.68503125337719                7
  -127.45628714218212       -371.23127326242161                7
  -127.84906077316032       -371.20652511942791                7
  -127.87589489307904       -371.23755905622636                7
  -127.90708808814045       -371.24922830923964                7
  -127.90623937339649       -371.26132355352416                7
  -127.88794995954150       -371.26611889034774                7
  -127.90364513982304       -371.23245338378672                7
  -127.91006715397148       -371.23047717091913                7
  -127.91006715397148       -371.23047717091913                7
 #           32
   0.0000000000000000        0.0000000000000000                1
   120.13618444847364        219.24255331974749                2
   142.78582818647914        147.73084555444495                2
   10.227068885840850        94.216712913739173                3
   148.16484270707679        302.20853022817698                3
   149.81081765018234        293.09969856973771                4
   159.24785904880795        285.07858956410075                5
   151.40193979283140        282.61653345613388                6
   167.65067721525315        282.69803544425866                7
   162.21202279487790        280.21877096637627                7
   153.56413649663907        276.14839009801187                7
   135.47348659750699        274.99773342825472                7
   169.25613748889208        277.17573317505639                7
   178.19352186881534        284.41171226970579                7
   177.11475964321011        288.53639916483246                7
   177.25349035515248        288.53754332209138                7
   177.11794092752629        288.56115922773478                7
   177.03688469828802        288.48103262789255                7
   177.07146659194859        288.67202913621986                7
   177.07146659194859        288.67202913621986                7
 #           33
   0.0000000000000000        0.0000000000000000                1
   240.65272142909208        67.721988074567079                2
   268.81166100043180        30.839862123541359                2
   222.55523276180458       -23.698987727166759                3
   302.51290305847454        56.551872369514889                3
   344.84678604309210        91.612344698510128                3
   312.22725523006204        106.44912014329175                4
   344.34899276677919        170.33078613362431                5
   263.30525681307194        200.45347024735563                5
   331.32601385236865        144.23281453500462                6
   359.60450901670333        213.64864300665050                7
   417.98849110699837        158.17017889842930                7
   458.23571526144383        159.26749284458640                7
   454.46643027200992        156.54836131504373                7
   450.50741491331377        148.16455516804299                7
   461.10896712578273        134.31375891032695                7
   446.62316219306064        118.77782078692150                7
   419.82013601922301        111.21378886526111                7
   428.74882375139418        123.41638389303502                7
   455.20367236060696        130.30685959051755                7
   444.38775875220534        106.27424611782175                7
   423.49387045469274        108.50859370386607                7
   416.40697270879201        118.54161181495745                7
   407.47882760400330        138.99442055660839                7
   427.90054526008635        177.06541033388874                7
   436.18500499684956        197.48880470456453                7
   445.78826924709182        196.33573118937218                7
   445.22743512104245        196.87643401254471                7
   443.74592265798458        197.29309905701101                7
   442.32675725118747        199.96617264307849                7
   445.37503967102310        195.09165401319589                7
   444.86797367933781        195.00239022052153                7
   445.52449819490749        194.37317091616748                7
   445.53181682546125        194.39831402803739                7
   445.53642057803324        194.43040553312551                7
   445.53154479251850        194.38619475390610                7
   445.50751162372882        194.39758570211890                7
   445.47099791677886        194.35902575788595                7
   445.40810512905279        194.34092165752520                7
   445.47472247772487        194.42953521979169                7
   445.39363077906370        194.48362465548414                7
   445.27566370602347        194.63857802585426                7
   445.12548554418083        194.29563158863772                7
   445.34506930629192        194.04532508019776                7
   445.32783227863007        194.04913779363258                7
   445.36027454791889        194.06083832411451                7
   445.35022840885370        194.05384220952519                7
   445.36532037729279        194.06259073283039                7
   445.37229315532363        194.06787443341230                7
   445.36696799923578        194.06840776890900                7
   445.35867813353207        194.07440233490937                7
   445.35255324788994        194.05493648548310                7
   445.36837308739058        194.05717966766417                7
   445.36837308739058        194.05717966766417                7
 #           34
   0.0000000000000000        0.0000000000000000                1
   234.13080744104590       -87.651383371877770                2
   314.05259613353860       -189.84899755978768                2
   217.97840443330529       -166.68965710258979                3
   228.83102294491999       -45.187898306895690                3
   332.34667500943351        2.2166247638959575                3
   332.06911124832561       0.27356592704151628                3
   333.33512119251105        8.3968906082749206E-003           3
   333.33512119251105        8.3968906082749206E-003           7
 #           35
   0.0000000000000000        0.0000000000000000                1
   197.19379333676446       -153.67045216780434                2
   122.76080730220492       -266.30257399455718                2
   171.76550231183666       -261.81356952965859                3
   167.89209854630525       -288.39439760213753                3
   167.79257416785615       -288.65690123478043                4
   167.77996497422868       -288.67007179491043                7
   167.78367570530122       -288.67351598099134                7
   167.78367570530122       -288.67351598099134                7
 #           36
   0.0000000000000000        0.0000000000000000                1
   133.58616006732939       -211.31667666908319                2
   86.023866712032088       -150.30717524978346                2
   141.85504935107392       -300.41324575646513                3
   138.20369083401854       -285.22762417113398                3
   163.53513779689783       -277.88767648727378                3
   172.18476163491749       -285.05424700216230                3
   175.44165414470865       -283.47200867046968                3
   171.91505550641438       -279.64635559825399                3
   179.95270315933044       -275.53356209793372                3
   193.07456531336422       -274.81407526604090                3
   179.71295454677005       -271.12675599077170                4
   184.24984218242952       -288.07851820631055                5
   179.59497812743138       -289.38270041681943                6
   179.69292618013495       -289.49734893493439                7
   179.53334134881783       -289.57685375236889                7
   179.53334134881783       -289.57685375236889                7
 #           37
   0.0000000000000000        0.0000000000000000                1
   235.27889843360782        84.521239649380732                2
   224.07197519855248        125.67978096501631                2
   99.543017888799554        29.309993800517830                3
   284.38157345822037       -116.81220063705258                3
   184.26621796900650       -105.08750489645649                3
   265.39894771080969        57.425407494235770                3
   183.22633730891170        27.227800139425700                3
   266.45159235339685       -100.62766622274691                3
   228.97079158052100       0.91065532248390468                3
   252.64168098027147        102.55738871440681                3
   372.59586189522088        119.60646671547624                3
   366.12943366299919        147.36144685034157                4
   390.87682195233521        97.156953196397183                4
   391.68952462557309        96.700918654771598                5
   392.13381576849054        96.530445066858320                6
   392.39491813014070        96.372031557100200                7
   392.39693510925935        96.519004409927248                7
   392.10336196100241        96.503937203384950                7
   391.84958910484653        96.388264069412102                7
   391.77001304744090        96.530770770296812                7
   392.07403006518274        96.498491022295539                7
   392.27139161405654        96.687755968864948                7
   391.93127414804923        97.001478258500811                7
   391.37018048082552        97.538155732633484                7
   391.30929625841162        98.849854349817306                7
   392.09768726454223        101.35346463366072                7
   393.10446162945294        106.38209215042791                7
   400.41651838885855        99.331595365978330                7
   398.43457134906157        101.72377887627934                7
   403.65379636839521        99.992950772437737                7
   407.22422662908440        102.69513675005824                7
   405.16668460404071        111.26862037651887                7
   411.04977418858743        96.875567785864931                7
   411.08272665324347        94.359068401820537                7
   412.12935459797313        95.005050012250820                7
   412.25586641291113        95.639063226510615                7
   412.34883378779347        94.790182495479584                7
   412.33422960267842        94.441484323141665                7
   412.31136275059396        94.627385604319855                7
   412.05638678375681        94.469205222849098                7
   411.75380629529042        94.147310559499260                7
   411.24820893748574        94.345013758266688                7
   411.54698553425379        95.382435581753398                7
   412.77826715769476        95.910018205069264                7
   413.14166027960647        95.514622778590351                7
   413.15764550859410        95.533342447276041                7
   413.14620437837414        95.516777067817586                7
   413.12479165803114        95.512916449684212                7
   413.09936127138064        95.541651031518114                7
   413.15782042421228        95.588254935113710                7
   413.20511578636444        95.591919325268591                7
   413.19694406317836        95.593430713239854                7
   413.19893544842853        95.577411082410578                7
   413.20321545225488        95.572641307666700                7
   413.20321545225488        95.572641307666700                7
 #           38
   0.0000000000000000        0.0000000000000000                1
   5.2619618191899660        249.94461738115783                2
   5.0567489014676879        409.09031836877892                2
   1.4634285950788786        488.76002768580514                3
   20.801369560889345        527.19740128153501                4
   37.652404559726733        520.65130421058609                5
   39.828145755481287        518.31487538551016                6
   41.019793993288509        519.30723935834521                7
   41.492325675331116        519.71648167383137                7
   41.489739488903936        519.70551574626904                7
   41.499981130802730        519.72150659317617                7
   41.499981130802730        519.72150659317617                7
 #           39
   0.0000000000000000        0.0000000000000000                1
   88.446159233655507       -233.83172778050215                2
   122.60508806704991       -276.73821740567524                2
   165.91631282476476       -268.29300845504144                3
   152.70933719020616       -283.83552728095208                3
   139.00137656481570       -288.58429853636488                3
   121.38971719470918       -304.89484884284349                3
   91.125358533912490       -312.06066802270396                3
   51.363891839861644       -348.19535646442131                3
   13.656130776194217       -407.28373731445578                3
   54.512614359726626       -332.86012043169319                4
  -2.9546784394576093       -381.10819153319744                5
   25.700681193452390       -485.46844960590272                5
   4.8102073412685016       -498.13832120092900                6
   38.850810477151065       -487.81033656712776                7
   48.872293345100736       -482.65830450109740                7
   48.176340335120592       -477.65465890604446                7
   40.128571723887774       -476.53074050204572                7
   49.540761355555276       -464.01815012749887                7
   31.410873436339855       -463.64814892049532                7
   8.7943613300373933       -483.06224739215480                7
   46.404039869965715       -495.22631876914585                7
   46.884594953573725       -490.96903440750691                7
   49.165134887775594       -492.29516255280578                7
   49.372122356760130       -492.66928452306547                7
   49.691522855141557       -492.37343116511431                7
   49.686740041760928       -492.36371109347300                7
   49.691938995867361       -492.37238780198243                7
   49.698845624926669       -492.37955164117693                7
   49.705931516216992       -492.37694077108347                7
   49.705931516216992       -492.37694077108347                7
 #           40
   0.0000000000000000        0.0000000000000000                1
  -247.30181875485502        36.630730821822709                2
  -287.06204409181584       -3.0738424477552542                2
  -250.36466230262801       -31.424907423949254                3
  -331.70183349206440       -66.859209478674302                3
  -322.06045245573989       -100.34122440375171                3
  -292.08058571328957       -48.445196998586340                3
  -351.75009998273305       -54.222291954469050                3
  -360.70738420941950       -60.882014581646523                4
  -370.82789294700598       -59.605876413091138                5
  -370.86559997061698       -57.730404857100382                6
  -370.02310304317808       -54.586130554505473                7
  -373.01569613216964       -58.696228906107187                7
  -371.83734963048539       -57.218642684104076                7
  -373.70186371082747       -55.327777701867568                7
  -373.31218992812057       -56.803153385720030                7
  -373.54158260118987       -55.631716116114255                7
  -372.81982586377893       -56.961246428780555                7
  -373.59727884676226       -58.435722828889524                7
  -372.22465036225850       -58.978487530970163                7
  -373.75382871433453       -58.442295075022990                7
  -372.48611637422010       -57.996675255010651                7
  -374.71035443618280       -57.982763133013400                7
  -374.74268824803136       -57.698988017413939                7
  -374.85139487261347       -57.738666785273381                7
  -374.81477161904866       -57.758011763558372                7
  -374.73257457811684       -57.768049294414155                7
  -374.67303436246038       -57.915492514385228                7
  -374.92072542440485       -57.775945389014439                7
  -374.92072542440485       -57.775945389014439                7
 #           41
   0.0000000000000000        0.0000000000000000                1
  -166.59577970010506       -186.40237709351794                2
  -183.03585008236934       -287.34513816505233                2
  -184.36544364667321       -287.31240504822006                3
  -183.08826172986176       -286.83718071327189                4
  -183.60255169317671       -288.60171473229934                5
  -180.45844327548076       -291.09375897841073                6
  -180.43040606997286       -291.06109718782750                7
  -180.42138261124919       -291.09501234747893                7
  -180.41661384380279       -291.08585695782358                7
  -180.41943144918943       -291.09625260942880                7
  -180.41438412923799       -291.09002902764649                7
  -180.41130910548898       -291.09604206957204                7
  -180.41130910548898       -291.09604206957204                7
 #           42
   0.0000000000000000        0.0000000000000000                1
  -66.131857710246010        241.09454036910867                2
   44.654626153076109        245.01968509853313                2
   30.922197059373744        118.26815830751627                3
  -177.13368575709615        182.90443466842649                3
  -236.84612356726410        95.601137286915659                3
  -268.51414557924477        223.08773989126055                3
  -324.67239506014528        256.96925932650015                3
  -268.26358106612668        261.70353439009313                4
  -242.42246182349783        253.97671267016952                5
  -221.18050479481272        281.41318011137042                6
  -229.48673797590394        298.24118261235998                6
  -225.53612326675628        294.85327882878897                6
  -235.63279750981746        294.89923793596728                6
  -235.84206486117250        296.22525735516103                7
  -236.22823979377955        295.96209672529193                7
  -236.22453687897720        296.22653018966383                7
  -236.33713424385255        296.30181892617048                7
  -236.33713424385255        296.30181892617048                7
 #           43
   0.0000000000000000        0.0000000000000000                1
   215.43231964039617        126.84208944336334                2
   232.44374172247100        161.58516120540642                2
   282.06798349308229        278.58642600545886                3
   276.94159339733363        288.27704160338379                4
   276.60727046036942        288.06092542248894                5
   277.21607163727322        287.97959870875059                6
   276.64368251743605        288.37474534519401                7
   276.86183351861973        288.16824149058311                7
   276.69895685732200        288.64825379492567                7
   276.72582748487923        288.64899323880968                7
   276.70071423722948        288.65625239070022                7
   276.69571414778221        288.63804424039131                7
   276.72649810302249        288.61735505261402                7
   276.71609365786355        288.56052000165380                7
   276.60498066846856        288.58863420718654                7
   276.68262347864601        288.62676439322416                7
   276.68852251512027        288.57875525065310                7
   276.59214342649301        288.57853331359638                7
   276.68668954838324        288.55871316303723                7
   276.73211236253155        288.66590792844835                7
   276.73280005757852        288.67510893098751                7
   276.73280005757852        288.67510893098751                7
 #           44
   0.0000000000000000        0.0000000000000000                1
   47.608030169131723       -245.42509134849078                2
   75.839156018602608       -278.19046596988142                2
  -2.8140344398145203       -307.39830823348024                3
  -135.18179862261880       -314.13252249787644                3
  -139.21123302697626       -300.16408847053032                4
  -121.76932604810624       -295.58637247041099                5
  -148.07554870632816       -319.31458257784908                6
  -148.62094641366556       -319.87312159072036                7
  -148.64311670350534       -319.85433636798638                7
  -148.62446497191141       -319.84956945558577                7
  -148.65976701542834       -319.86304783586331                7
  -148.65976701542834       -319.86304783586331                7
 #           45
   0.0000000000000000        0.0000000000000000                1
  -28.983074071380745       -248.31427952772441                2
   11.290878987483897       -245.66714395150424                2
   140.33826867385372       -333.43130578276350                3
   139.92325386005379       -333.34962761121341                4
   137.42146685572388       -320.16212937888650                5
   134.89560061573050       -330.60375085298233                5
   123.18025295048426       -319.12173404480291                5
   98.895433041114586       -313.09719674905153                5
   68.962377044790017       -352.95205580921976                5
   57.066244128788618       -301.84231203727455                6
   69.789829969175841       -214.07667796317637                7
   191.21380706617364       -199.71460964826366                7
   279.04171790981695       -185.56350105811927                7
   189.92433255512560       -237.44507912592888                7
   213.11301958213872       -191.74104374118784                7
   151.87984525395638       -267.47248738656833                7
   134.28111925270071       -248.53872972303526                7
   125.79720884610154       -299.40893653946461                7
   110.29914804080870       -325.14392598128683                7
   135.54427105211977       -302.72513366783784                7
   123.41743756778177       -286.91195712920540                7
   142.62977667007419       -253.42051258173728                7
   150.09520692837870       -295.43155642798700                7
   150.40553207374805       -306.54556525332981                7
   145.74330006720524       -308.98173855804794                7
   146.64417004391530       -301.06597127806020                7
   154.89553635489503       -309.53436297527787                7
   154.98262657700707       -310.05119152090134                7
   154.97995933540295       -310.05797216359787                7
   154.97995933540295       -310.05797216359787                7
 #           46
   0.0000000000000000        0.0000000000000000                1
  -76.633202974769674       -237.96502306395314                2
  -121.50979423683816       -214.35132008942000                2
  -162.05943930615462       -137.41694016062405                3
  -243.13049823828095       -265.19702988929043                3
  -261.31304329527984       -280.05019304781263                4
  -265.45947326965012       -272.48734073160182                5
  -250.08555984171565       -267.41906133241804                6
  -255.74479855407023       -246.93019441077288                7
  -255.84888954732497       -288.75956416318155                7
  -256.17657735910308       -286.43236721719188                7
  -253.73962885086462       -283.49291803267823                7
  -249.67491066752135       -280.21265634917160                7
  -245.99798653600104       -272.59072962497669                7
  -232.37790446670923       -281.22239551873486                7
  -227.64138498692645       -291.37353996160414                7
  -235.68475963118465       -297.30713845597245                7
  -235.66632486784533       -297.36696896397206                7
  -235.69371051326942       -297.32675180122123                7
  -235.66523538864288       -297.36165839704495                7
  -235.65127164588210       -297.41201278625971                7
  -235.68899977981005       -297.42254419969998                7
  -235.68899977981005       -297.42254419969998                7
 #           47
   0.0000000000000000        0.0000000000000000                1
  -3.8957583837804077       -249.96964429029219                2
  -33.321156911083683       -224.82484559905737                2
  -39.653013028765528       -77.555158313071445                3
  -115.28533821566562       -312.04154167567697                3
  -87.592367402638814       -329.64494372921291                3
  -40.179507497746044       -337.10039039778115                3
  -37.201887805541226       -251.82389449840636                3
  -167.68522958372350       -247.79885768347469                3
  -176.81400731012965       -287.64274593944526                3
  -176.80532748156779       -288.67509810625074                4
  -176.80532748156779       -288.67509810625074                7
 #           48
   0.0000000000000000        0.0000000000000000                1
  -69.986839323362588       -240.00383813915525                2
  -23.940330006754074       -224.23633743580982                2
   16.045781110690555       -73.630096395520667                3
  -185.85757566138307       -241.45754988263721                3
  -153.72260956908730       -276.05298686930479                3
  -171.46904681898457       -279.50714266854197                3
  -180.54713692663921       -278.22637885055224                3
  -173.27150028185352       -270.72693833700248                3
  -169.56214321225528       -253.16623165876479                3
  -134.13004100500817       -255.50039551267065                3
  -137.18366076400318       -209.13369702137641                3
  -201.53654948489284       -264.40388465976042                3
  -225.65047893760601       -267.16286631235567                3
  -239.74524710497789       -283.41448767652901                4
  -234.68951931095430       -285.17659722205440                5
  -232.87098284853451       -278.42752545804535                5
  -225.26180476763633       -288.87008219646350                5
  -218.32703431700338       -300.22804204385380                5
  -223.45921349582585       -306.99659166151793                6
  -228.73727375547821       -309.42142670671251                6
  -228.18194913918839       -309.73359459588761                6
  -227.79340583726682       -309.73408274311885                6
  -227.39343112244961       -309.18014546862651                6
  -227.99648131332111       -310.36802685781407                6
  -227.87407516103741       -310.51387365165965                7
  -227.66943864333780       -310.42403182914984                7
  -228.07047455008885       -310.61834405955875                7
  -228.07047455008885       -310.61834405955875                7
 #           49
   0.0000000000000000        0.0000000000000000                1
  -53.636710168775799       -244.17842517771865                2
  -13.416601870560385       -225.14424441181365                2
  -1.4653718088774408       -389.19338216061880                3
   97.196061615808063       -429.72896080475715                4
   63.497156853695358       -436.95614874804966                4
   107.66570595930290       -437.17180402932621                4
   105.42451821780620       -466.20505024160019                4
   89.825933433033271       -454.20696445123696                5
   77.919058492870789       -478.34860987515088                6
   77.272460929301957       -481.91377588811423                6
   77.888544339083865       -484.00665677945619                6
   78.366589909370560       -483.64127337796879                7
   78.100552849293038       -483.89897135841892                7
   77.800656245254771       -483.53458229821791                7
   77.600254046543711       -482.64298475608479                7
   78.628462039347866       -483.78029417036129                7
   78.682330424092811       -483.72943340068400                7
   78.640072729419032       -483.76119679411897                7
   78.707143528936413       -483.79145141460481                7
   78.707143528936413       -483.79145141460481                7
 #           50
   0.0000000000000000        0.0000000000000000                1
   193.68838129431577       -158.06584372212660                2
   232.19854132112681       -282.86870601692891                2
   228.88190834290901       -287.63468529907715                3
   228.05352627394262       -287.00514746477967                4
   239.66708972899784       -289.21768367203742                5
   239.01280424410422       -289.14299626867245                5
   237.76336125755878       -289.32414203387447                5
   237.30290039516936       -287.11769395423147                5
   239.08760604669325       -283.81281998999566                5
   241.88397812728240       -279.50523820669957                5
   237.44783065220849       -271.47980392884710                6
   221.14026392348154       -265.10909588725713                7
   200.34467406018049       -285.77150753017349                7
   198.27437474618446       -283.73560210973420                7
   194.56829332827164       -280.21554424216640                7
   200.78933938405152       -274.48289608390172                7
   211.07336503096107       -284.26340989680017                7
   214.57332483277301       -292.10722939212440                7
   215.70098995239891       -299.72149995718297                7
   220.06673931129617       -303.59322050755651                7
   213.06322008215497       -300.61170653864446                7
   209.67732661560410       -301.10202445482906                7
   210.26220457400112       -300.72644834055632                7
   211.04314228894958       -300.07995451090073                7
   211.15111368737047       -301.44256201279711                7
   210.81352329463851       -299.32764795256122                7
   210.34585821036819       -300.14051597393802                7
   210.83456787298951       -299.51563393368315                7
   210.28674205060014       -298.71572906187868                7
   210.45667295679510       -299.37496084327404                7
   210.82078630116979       -298.92325464101748                7
   210.58489816475924       -299.93946811724066                7
   211.48031888691543       -300.02797548996625                7
   209.91990407738041       -300.78583221322413                7
   210.42977251384346       -301.33185390541291                7
   209.36687755341649       -300.32854458114366                7
   209.40593640127202       -300.33433524240985                7
   209.48124127942225       -300.34602666091058                7
   209.45759399467622       -300.20066891620917                7
   209.51051127341270       -300.18936730600876                7
   209.48017263809533       -300.10009405215044                7
   209.50271136522792       -300.10629776808759                7
   209.45695353015725       -300.11099096541363                7
   209.46428838995672       -300.10628070242484                7
   209.47360581146748       -300.09763006577612                7
   209.47059512414734       -300.11381023233059                7
   209.45440867044627       -300.12862206258524                7
   209.45900798710002       -300.14324445996618                7
   209.47387527759409       -300.12115945069507                7
   209.49320367872761       -300.14204374211516                7
   209.50813475235370       -300.19563978759533                7
   209.41342399325688       -300.18448243843494                7
   209.41766385901465       -300.17797704437567                7
   209.41553660824903       -300.18587997572604                7
   209.42569324128851       -300.18755258932902                7
   209.44156662989764       -300.17550821819140                7
   209.41888521495304       -300.15969404902347                7
   209.41888521495304       -300.15969404902347                7
