   0.0000000000000000        0.0000000000000000                6
  -168.04509178276879        185.09685877324017                2
  -212.71265531936950        161.33340095708343                2
  -320.21968709084700        229.58408040827271                3
  -253.20376794891490        257.90253609670077                4
  -240.99257841251043        229.65648029359747                5
  -188.42111776225568        202.83404415097419                6
  -228.78694607902463        127.01901836321461                6
  -272.74497060169807        275.56553573492175                6
  -285.72073280457084        277.43400503404337                6
  -278.67938995987168        265.60721259893768                6
  -256.85369680830468        258.08517509648328                6
  -284.74312456957989        244.96580706029960                6
  -318.67217571745050        216.54326569513273                6
  -250.73746314579847        264.08517480295052                6
  -272.54381259210066        275.44955980132022                6
  -276.11441126055530        262.71509264454045                6
  -286.13605758525637        286.66275188302382                6
  -281.99165989285382        293.79006674570405                6
  -281.59523302756998        294.80742130513994                6
  -281.77297580196841        294.64634660139228                6
  -282.06581654327141        294.27319801208938                6
  -282.20602197147798        293.36949061268064                6
  -283.57935489584042        292.79722534441476                6
  -280.65152777916137        293.25415463732514                6
  -280.64539577981054        293.05501854223974                6
  -280.93603123893695        293.01419852458042                6
  -280.48581326714424        292.67185024254991                6
  -280.26193624267404        292.40690181425356                6
  -280.37860709890856        292.14637208757688                6
  -280.42283821907330        291.63150297102243                6
  -279.68531688611171        291.97242411283452                6
  -279.68531688611171        291.97242411283452                6