PSD @ YYE. Simulation done on 2023- 5- 3   11h22
 #            1
   0.0000000000000000        0.0000000000000000                1
  -249.31327597855426       -145.52052691690815                1
  -378.80691843857176       -84.490712384566848                1
  -380.51740035925241       -81.725201396626630                2
  -380.51740035925241       -81.725201396626630                3
  -380.51740035925241       -81.725201396626630                4
  -380.51740035925241       -81.725201396626630                5
  -386.74242583224589       -78.559484632293291                6
 #            2
   0.0000000000000000        0.0000000000000000                1
  -269.60557839506657        103.18025698550551                1
  -267.69794841623616        100.12755709027098                1
  -274.69907549407895        101.55751364168265                2
  -357.87825251952131        42.513047098149912                3
  -357.87825251952131        42.513047098149912                4
  -375.67792041515833        54.957083568671095                5
  -375.67792041515833        54.957083568671095                6
 #            3
   0.0000000000000000        0.0000000000000000                1
  -210.22503217454232        197.83520713095024                1
  -215.40622780309496        192.14277057318753                1
  -220.01295567620593        188.21097003118425                1
  -216.03169090017354        187.56805812679198                1
  -212.13146958559125        180.81067844424987                1
  -224.63569035650173        188.26984029885494                2
  -252.95185015347838        288.67513459481302                3
  -252.95185015347838        288.67513459481302                4
  -252.95185015347838        288.67513459481302                5
  -252.95185015347838        288.67513459481302                6
 #            4
   0.0000000000000000        0.0000000000000000                1
  -266.69019713730745        110.49738496542544                1
  -265.26660526597709        108.48384892112998                1
  -263.61917517691734        112.89163324284269                1
  -259.77645103087923        112.07559509173215                1
  -256.98085095804146        119.21188209749623                1
  -262.50632407115131        115.75592019455864                1
  -259.52674034382977        113.99697651671420                1
  -259.49458083344706        107.07715500880464                1
  -269.31301815733906        110.88643860139524                2
  -277.94672738285539        288.67513459481302                3
  -277.84569943631425        288.79277835833278                4
  -277.84569943631425        288.79277835833278                5
  -277.84569943631425        288.79277835833278                6
 #            5
   0.0000000000000000        0.0000000000000000                1
  -237.04727034285892        164.74806510649194                1
  -238.41862669442659        164.39709428408173                2
  -315.35428895118241        288.67513459481302                3
  -293.72160183872387        316.29064793531109                4
  -293.72160183872387        316.29064793531109                5
  -293.72160183872387        316.29064793531109                6
 #            6
   0.0000000000000000        0.0000000000000000                1
   244.36351708939935        154.10024207456121                2
   377.46006585835568        76.429742705340630                3
   377.46006585835568        76.429742705340630                4
   377.46006585835568        76.429742705340630                5
   378.30053663830216        74.841701561618180                6
 #            7
   0.0000000000000000        0.0000000000000000                1
  -276.73309006918572       -82.171346551539997                1
  -292.26725132910747        6.5823933773805123                1
  -306.08806891037614       -22.581561746200830                1
  -271.47717042706199       -18.210089326822288                1
  -245.92995239698615        39.020816532874989                1
  -275.05279922561510        87.066680173547070                1
  -268.44253786451435        89.177442493691686                1
  -278.14988291862454        82.811801648774207                1
  -281.81785175798188        77.586270724573396                1
  -288.12518085729334        78.302817004822430                2
  -381.25550764915641        83.003640724178069                3
  -381.25550764915641        83.003640724178069                4
  -381.25550764915641        83.003640724178069                5
  -383.64165540549033        83.930176554041026                6
 #            8
   0.0000000000000000        0.0000000000000000                1
   288.28361641185199        15.029632125820727                1
   273.04066829890462       -12.535992778088209                1
   215.04280240075289       -5.0189435130872013                1
   144.55861572377245        72.742986794192120                1
   18.208266911045456        58.846847499686668                1
   148.85002941333616        264.31374798441317                1
   167.32873394481180        284.82884278086118                1
   168.02465538397155        286.32302914033642                2
   168.44191847119276        288.67513459481302                3
   168.44191847119276        288.67513459481302                4
   168.44191847119276        288.67513459481302                5
   168.44191847119276        288.67513459481302                6
 #            9
   0.0000000000000000        0.0000000000000000                1
   272.49004723718645        95.302190373617535                1
   267.48368103360980        95.889828950700249                1
   266.30913213545972        104.89612014204613                1
   261.79828101165913        101.58339270957937                1
   250.99798592301730        98.774917067484111                1
   229.15215676276955        100.54029632968468                1
   227.09649679427883        140.44077528940650                1
   212.67202707057186        124.11742713978332                1
   246.91966662848614        149.67286120111908                2
   400.67404588714862        116.63753556109920                3
   434.18571941347744        96.225044864937615                4
   430.96580142662572        87.495724433904186                5
   430.96580142662572        87.495724433904186                6
 #           10
   0.0000000000000000        0.0000000000000000                1
   277.04102828386863        81.127073044391494                1
   278.87221326644431        73.147460480146876                1
   268.41053494549988        71.497547438020277                1
   261.69870818091641        52.152813417444001                1
   277.13120520790198        19.671565811650133                1
   248.75318879890847       -6.8421382633184180                1
   172.13697266586937       -9.7033459452902040                1
   97.344914690660502       -133.28520261766164                1
  -12.789119932260633       -23.665289383154359                1
  -116.34277071267653       -267.60556787187562                1
  -101.20274914670310       -252.95270505008665                1
  -103.20470878615635       -288.67513459481290                2
  -134.01475513237861       -345.22990433644412                3
  -134.01475513237861       -345.22990433644412                4
  -151.32942314032340       -352.82516450477135                5
  -153.88850642953361       -353.57424395942274                6
