PSD @ YYE. Simulation done on 2023- 5- 3   12h19
 #            1
   0.0000000000000000        0.0000000000000000                2
   109.51057961213029       -314.83097697673639                2
   135.34826208693187       -289.16228570592989                2
   122.26682401323460       -312.64322230308170                2
   115.86180440252046       -286.96256374914628                2
   155.72494518237832       -307.62675212786826                3
   155.72494518237832       -307.62675212786826                4
   155.72494518237832       -307.62675212786826                5
   157.30295223047216       -310.05847789813237                6
   157.30295223047216       -310.05847789813237                7
 #            2
   0.0000000000000000        0.0000000000000000                2
  -7.3861785387009240        333.25148983568778                2
  -122.43079378119015        321.40665796174540                2
  -143.35381000629877        314.79226444607986                2
  -140.28132445469794        308.35717005333635                2
  -151.71537339228999        314.57153418489622                3
  -151.71537339228999        314.57153418489622                4
  -151.71537339228999        314.57153418489622                5
  -151.71537339228999        314.57153418489622                6
  -152.46878793937603        313.97815498719001                7
 #            3
   0.0000000000000000        0.0000000000000000                2
   79.403833861994684        323.73776776756802                2
   122.19746152658320        362.94754499681710                2
   123.68528228265096        363.12107612757609                3
   123.68528228265096        363.12107612757609                4
   123.68528228265096        363.12107612757609                5
   123.68528228265096        363.12107612757609                6
   123.68528228265096        363.12107612757609                7
 #            4
   0.0000000000000000        0.0000000000000000                2
  -300.33217641748831        144.60876501597593                2
  -393.56931529414703        183.13748591670083                2
  -365.49226698224879        210.78281340739940                2
  -298.69057430344230        250.15454538866985                2
  -300.01567433648961        288.67513459481302                3
  -290.27211355987458        310.31595897623077                4
  -290.27211355987458        310.31595897623077                5
  -290.27211355987458        310.31595897623077                6
  -290.27211355987458        310.31595897623077                7
 #            5
   0.0000000000000000        0.0000000000000000                2
   5.2204962205779113       -333.29245045503507                2
   122.64404213960479       -328.84270049079316                2
   117.10486294711984       -346.01222539416170                2
   122.02724848130720       -359.38850469631188                2
   120.76606697177306       -356.33664498671902                2
   118.94644389167382       -350.70288235501602                2
   127.51638742905247       -344.96571447885083                2
   123.38402258387589       -340.95330973438689                2
   124.18667975787842       -329.63695809657901                2
   120.75388664827942       -345.57939983475660                2
   117.91858478678012       -334.63107203900529                2
   98.860511204950981       -331.99798829911009                2
   123.62717513183892       -304.42830284098392                2
   153.00126273636224       -303.27527540807642                2
   148.61639771211441       -304.43061045092736                2
   156.33435124010947       -303.68118322030170                2
   157.50571228680619       -304.54237302655190                3
   157.50571228680619       -304.54237302655190                4
   157.50571228680619       -304.54237302655190                5
   162.27674657422344       -310.05847789813237                6
   162.45794028798977       -310.22042472004961                7
 #            6
   0.0000000000000000        0.0000000000000000                2
  -317.09182654984244       -102.78076009835553                2
  -251.69468518105813       -105.55450437950620                2
  -279.79883162811177        14.683056673770480                2
  -238.17079048500267        51.406907461768363                2
  -205.56073558843732       -51.720024111832522                2
  -293.23927764249788       -158.08388494755934                2
  -401.69897931115145       -192.41804919285946                2
  -384.28137502571940       -225.06498338271663                2
  -447.86599309503038       -226.86711606529104                2
  -437.92077450459647       -237.06628536857741                2
  -410.41892471348564       -242.09467458156189                2
  -438.42326819159865       -204.87242315306895                2
  -438.94598127837946       -193.45872792398703                2
  -437.02737917396450       -188.55453901855103                2
  -435.77725685422826       -184.25708462471749                2
  -438.04601431073615       -181.36768364961259                3
  -450.27724991141542       -182.34737431041583                4
  -450.27724991141542       -182.34737431041583                5
  -450.27724991141542       -182.34737431041583                6
  -450.27724991141542       -182.34737431041583                7
 #            7
   0.0000000000000000        0.0000000000000000                2
  -194.30677671533635        270.84310519857706                2
  -177.43656339754475        276.62040344260328                2
  -188.74460343602178        280.79709754682676                2
  -194.72809309825442        275.67251764293235                2
  -183.63764144930082        282.46000096295279                2
  -181.73270934195403        288.67513459481296                3
  -181.73270934195403        288.67513459481296                4
  -181.73270934195403        288.67513459481296                5
  -179.12305933648148        288.86689627464153                6
  -179.12305933648148        288.86689627464153                7
 #            8
   0.0000000000000000        0.0000000000000000                2
   269.53401608627922       -196.11865103429722                2
   287.04268257742694       -287.00401424966742                2
   285.49859401949135       -286.36492604510437                2
   287.75521776880134       -285.87024150198977                2
   285.01123729948171       -285.28886688424370                2
   282.90291050447735       -282.63900516462314                2
   288.92854840515139       -282.28327157334485                2
   294.60703070284399       -279.34886333998628                2
   293.58645392878645       -288.67513459481290                3
   290.84093960236078       -311.30119458248481                4
   290.84093960236078       -311.30119458248481                5
   290.84093960236078       -311.30119458248481                6
   290.84093960236078       -311.30119458248481                7
 #            9
   0.0000000000000000        0.0000000000000000                2
  -216.53565853057509       -253.42340005579842                2
  -193.85708732297564       -280.41167891887136                2
  -185.71081643273297       -281.79839096217205                2
  -178.92464007932466       -282.91078185098252                2
  -177.64796173987486       -288.67513459481290                3
  -177.64796173987486       -288.67513459481290                4
  -177.64796173987486       -288.67513459481290                5
  -177.64796173987486       -288.67513459481290                6
  -177.64796173987486       -288.67513459481290                7
 #           10
   0.0000000000000000        0.0000000000000000                2
   116.96469751138504        312.13838380945919                2
   104.67061838567419        340.93540383293197                2
   130.88264992962658        349.44915749822718                2
   130.35248993488915        349.16216299015707                2
   129.31201545456025        349.77093867299936                2
   127.62755698034661        349.13028753937027                2
   127.90061652976667        345.55942834117269                2
   130.85134752846818        349.75615585652832                2
   131.06707346800840        350.33543874367291                3
   131.06707346800840        350.33543874367291                4
   135.49884279330035        352.82516450477141                5
   135.49884279330035        352.82516450477141                6
   134.81846512078351        354.68471010645976                7
 #           11
   0.0000000000000000        0.0000000000000000                2
   241.36691241849445        229.89807459105415                2
   183.73911504562855        218.33175483767630                2
   116.04277859315275        237.44711794094874                2
   184.88137333511074        216.27318094470866                2
   253.67240600026844        193.69361679450714                2
   347.48750805012122        208.53327147463770                2
   408.12794050150143        156.13617063420477                2
   398.01511729216912        147.50699240747016                2
   412.72871558758186        137.51683595071060                3
   461.28385247924768        163.28337944421281                4
   461.28385247924768        163.28337944421281                5
   461.28385247924768        163.28337944421281                6
   461.28385247924768        163.28337944421281                7
 #           12
   0.0000000000000000        0.0000000000000000                2
  -331.42781220984028        35.590959595238616                2
  -350.36636155227296        40.003098156675691                2
  -345.17992326820547        40.820872289281176                2
  -336.65568675508325        35.309070805605693                2
  -348.36245632465688        44.326827336824714                2
  -356.96383386663609        47.441110092569232                2
  -355.71291394829160        50.447162816436126                2
  -352.35895181647646        45.663507165840585                2
  -355.68507635498935        51.078670737826386                2
  -360.62638132201783        54.793853628794515                2
  -358.82613738228827        51.492318324901014                2
  -357.65590972885889        48.015215476625343                2
  -357.48283134763415        50.953761483842364                2
  -354.41399340498060        47.577166227436592                2
  -348.92118501166880        48.236141286757146                2
  -338.49352227769623        46.231543622888893                2
  -320.31806242857914        50.398098135511574                2
  -324.22335714478385        14.137187338895501                2
  -310.78538669106405        7.5672068997189967                2
  -333.13180928680373        15.710296928595451                2
  -325.24630982261169        14.195518647649775                2
  -311.16354018112605        14.918723953398262                2
  -292.29126655644825       -3.9104491225889095                2
  -333.34370139674837       -7.7105085091717420                2
  -330.42282193351707       -5.2080504282425597                2
  -325.37358748974788       -4.3323921387287854                2
  -333.80082585341302      -0.80972079693646992                3
  -333.80082585341302      -0.80972079693646992                4
  -333.80082585341302      -0.80972079693646992                5
  -333.80082585341302      -0.80972079693646992                6
  -333.80082585341302      -0.80972079693646992                7
 #           13
   0.0000000000000000        0.0000000000000000                2
   271.66440738092825       -193.15682973552890                2
   366.33520014744590       -180.46086344106402                2
   419.94099149637225       -150.00886426294062                3
   404.10436574081263       -96.225044864937573                4
   404.10436574081263       -96.225044864937573                5
   401.55479419807301       -95.670396648893771                6
   401.55479419807301       -95.670396648893771                7
 #           14
   0.0000000000000000        0.0000000000000000                2
   75.585845777675146        324.65041356693905                2
   84.170705244048236        264.36796755979026                2
   23.836166995038383        322.23187947713120                2
   27.380568004326939        215.37417735493142                2
  -112.04244546667454        288.15393967568298                2
  -122.03245717463599        241.64826947230472                2
  -128.06041617241564        306.20369070515039                2
  -149.46867967289455        318.46292185593501                3
  -149.46867967289455        318.46292185593501                4
  -149.46867967289455        318.46292185593501                5
  -149.46867967289455        318.46292185593501                6
  -149.46867967289455        318.46292185593501                7
 #           15
   0.0000000000000000        0.0000000000000000                2
   19.246061301439894        332.77725318220337                2
  -4.6470521355556116        229.89636329813749                2
   11.213001002117494        398.85610128577537                2
  -50.327027010806532        449.24314693819019                2
  -35.639840014859530        434.98587998069473                2
  -75.025483304896198        426.36922564790217                2
  -79.437899094039764        435.91534286731235                2
  -79.818920749301981        437.79942609608503                2
  -79.331131260008064        437.36950462025527                2
  -78.267095016512968        438.09459733028331                2
  -76.921831645447156        436.82969066924130                2
  -74.495729107429355        439.54869296063134                2
  -78.363098524311326        441.62140110699272                3
  -79.690650692381055        481.12522432468825                4
  -79.690650692381055        481.12522432468825                5
  -80.189947936165353        481.22389171452306                6
  -80.189947936165353        481.22389171452306                7
 #           16
   0.0000000000000000        0.0000000000000000                2
   61.921616823225143       -327.53140991530682                2
  -7.6272732608036975       -311.90057606788127                2
  -123.69423985195695       -262.55920460326706                2
  -173.97961484951350       -262.33045359447419                2
  -189.42330030862229       -240.98719244605269                2
  -194.53738928075791       -193.57426256011775                2
  -102.49976285483899       -169.63159805420997                2
   32.722487673751033       -171.55464222256549                2
  -134.05760733147525       -109.56550825820378                2
  -153.23094793998874       -290.60691790548776                2
  -149.03128445250579       -300.41543849872926                2
  -140.70767762379870       -296.04219343863343                2
  -150.33255520545205       -312.18877339073879                2
  -148.07986699341916       -311.39353041332413                2
  -152.84734899097742       -312.61089493504136                3
  -152.84734899097742       -312.61089493504136                4
  -152.84734899097742       -312.61089493504136                5
  -152.84734899097742       -312.61089493504136                6
  -152.84734899097742       -312.61089493504136                7
 #           17
   0.0000000000000000        0.0000000000000000                2
   293.02693833471562        158.89092019776902                2
   184.81301141195888        195.85151053604832                2
   93.518743355337477        179.07111115436979                2
   11.004933286976495        76.332940121905978                2
  -247.95569472294994        28.802150805462169                2
  -160.49777888560953        7.1222517490901787                2
  -142.86559467056182        179.20351578162834                2
  -247.59030229747799        139.41329127610587                2
  -348.34346276419120        36.583620327817343                2
  -352.05391915377180        32.425005788453120                3
  -352.05391915377180        32.425005788453120                4
  -352.12478827255774        32.075014954979288                5
  -352.12478827255774        32.075014954979288                6
  -352.12478827255774        32.075014954979288                7
 #           18
   0.0000000000000000        0.0000000000000000                2
   328.82280206321843       -54.650489059152441                2
   304.25624310397586       -73.934925103565661                2
   243.90861376829164       -59.080396113792006                2
   218.40198352000971        44.818821028918506                2
   181.85490594149113       -73.004152150358124                2
   155.42036555805973       -239.06599385703979                2
   206.10496263644922       -243.38082321252395                2
   199.01358301423792       -288.11656930722364                2
   199.56795081160342       -288.18491786787990                2
   200.05484919554078       -288.24185997079229                2
   199.86651991926146       -287.85165619900590                2
   199.04305253410053       -287.85591459507583                2
   198.33135920804409       -288.26164112565516                2
   198.69294397000883       -288.67513459481290                3
   198.69294397000883       -288.67513459481290                4
   198.69294397000883       -288.67513459481290                5
   198.69294397000883       -288.67513459481290                6
   198.81109927615395       -290.02159294355909                7
 #           19
   0.0000000000000000        0.0000000000000000                2
  -325.61204936382023        71.329548016261455                2
  -351.62073389043468        37.904908488484367                2
  -354.80690302960204        37.193313733808992                3
  -354.80690302960204        37.193313733808992                4
  -359.40010491431514        32.075014954979288                5
  -359.40010491431514        32.075014954979288                6
  -359.55351585230267        31.159126104371488                7
 #           20
   0.0000000000000000        0.0000000000000000                2
   146.15506848983588       -299.58272157426308                2
   133.96072975352456       -301.26455977028741                2
   137.05131870075110       -323.07614732617969                2
   133.49102269509120       -330.73633147316582                2
   136.86381529718696       -337.65873650355496                2
   137.70949369952126       -338.83042941746874                3
   137.70949369952126       -338.83042941746874                4
   146.09632146317725       -352.82516450477129                5
   143.53867299717771       -355.53299099872402                6
   143.53867299717771       -355.53299099872402                7
 #           21
   0.0000000000000000        0.0000000000000000                2
  -310.16421829601575       -122.10351673859581                2
  -276.93824866070787       -48.103717567999709                2
  -331.99718073261556      -0.33683301042670166                2
  -332.33689815389431       -1.6722551620317716                2
  -330.77826723361426       -2.3486382708609863                2
  -329.21856042941545       0.65794892765832014                2
  -325.49871458085607       -1.2200818775145994                2
  -332.94363638652004       -3.9482662723193318                2
  -332.25867704975531       -1.7404572978450048                2
  -333.02795767976517       -3.3687932534448519                2
  -331.88914203860105       -1.7872898334924918                2
  -330.54933000746826       -3.4615496917092621                2
  -326.46135595732039       -2.7960326998409899                2
  -320.98707883620182        2.2113779999329823                2
  -308.54400813205154       0.63334624548596752                2
  -332.67525922120734        6.3425048764656662                2
  -332.43458680582177        10.075916846398574                2
  -331.75722338785494        15.852635207492707                2
  -337.05181953817043        8.2175236461768044                2
  -336.90940519126622        7.3405536835020326                2
  -336.98550579898699        7.9087882241916896                2
  -337.64902193094372        8.3403553892417310                2
  -337.90321809739396        7.9152725960880730                3
  -337.90321809739396        7.9152725960880730                4
  -337.90321809739396        7.9152725960880730                5
  -337.90321809739396        7.9152725960880730                6
  -337.90321809739396        7.9152725960880730                7
 #           22
   0.0000000000000000        0.0000000000000000                2
   275.84591666345534        187.13669167538768                2
   234.03989316576312        94.603931045371922                2
   243.89422252772289        227.53177353968101                2
   261.05762244711894        168.84678138389125                2
   380.02300361503194        183.20200053284827                2
   422.58997068870099        154.59703081224671                3
   452.33338265412181        178.78604793294295                4
   452.33338265412181        178.78604793294295                5
   458.85698877868771        181.75841807821547                6
   458.85698877868771        181.75841807821547                7
 #           23
   0.0000000000000000        0.0000000000000000                2
   256.18141071823038        213.26555257126833                2
   221.59679808175161        280.27681751792056                2
   213.22930703943516        279.55791322611458                2
   219.57046987924497        286.10874365628649                2
   221.61076743404419        284.55196867664705                2
   221.08761036585378        288.67513459481302                3
   221.08761036585378        288.67513459481302                4
   211.00908160000682        301.32842027970025                5
   206.69197916786308        304.88263296719725                6
   205.37408804865561        305.82388735064990                7
 #           24
   0.0000000000000000        0.0000000000000000                2
  -286.82636267315462       -169.82858648295652                2
  -329.11519971273452       -58.760336024314441                2
  -310.32980016565841       -31.588665647814477                2
  -339.44983083398807       -52.268482414529977                2
  -327.65883814989439       -69.448742984505358                2
  -358.76974953262425       -44.885924329142490                2
  -358.93579833414105       -44.344770180402975                3
  -358.93579833414105       -44.344770180402975                4
  -361.08935096144478       -32.075014954979153                5
  -361.08935096144478       -32.075014954979153                6
  -361.08935096144478       -32.075014954979153                7
 #           25
   0.0000000000000000        0.0000000000000000                2
  -321.63017918382491       -87.550779261476251                2
  -281.99912367155372       -124.09847711427254                2
  -388.19963276536924       -116.03788581974882                2
  -378.13417736689070       -113.03678130186951                2
  -390.22765181406572       -125.98809048747677                2
  -377.00588467260485       -122.31638054156100                2
  -358.61042309848142       -136.67626530112935                2
  -331.46250185290290       -174.36397533533184                2
  -282.66756626231529       -100.16909282384560                2
  -338.34782119876473       -24.481316196124041                2
  -340.68343935859576       -16.936580114259698                2
  -342.20871828861925       -18.384254470353113                2
  -341.68539725880720       -19.796212026401165                2
  -343.61201955878670       -17.803206777543693                3
  -343.61201955878670       -17.803206777543693                4
  -343.61201955878670       -17.803206777543693                5
  -346.63022462527300       -19.735795306279066                6
  -346.63022462527300       -19.735795306279066                7
 #           26
   0.0000000000000000        0.0000000000000000                2
   245.88332177144966        225.06110989184427                2
   292.61861636010281        181.90376545753364                2
   342.53270793474411        87.517809247261098                2
   378.19673558941884        84.493690917927552                2
   378.86465954860097        87.821319134217376                2
   380.40935537092582        83.616713349816237                2
   381.07653573321414        82.693652272637735                3
   381.07653573321414        82.693652272637735                4
   381.07653573321414        82.693652272637735                5
   382.49752311804366        74.841701561618180                6
   383.49079939042548        72.619717387581773                7
 #           27
   0.0000000000000000        0.0000000000000000                2
  -224.73210041314184        246.18406559931654                2
  -185.58850684446685        262.71494660761209                2
  -191.72016048107184        287.94061179233057                2
  -192.40765466696774        288.19921475388736                2
  -192.72929132201764        287.84843055082945                2
  -192.75061296358473        287.02200150732989                2
  -192.41029741747113        288.67513459481296                3
  -192.41029741747113        288.67513459481296                4
  -192.41029741747113        288.67513459481296                5
  -192.41029741747113        288.67513459481296                6
  -192.41029741747113        288.67513459481296                7
 #           28
   0.0000000000000000        0.0000000000000000                2
   43.061183510645030       -330.54023293053694                2
  -36.610182361674028       -297.86131352369603                2
   22.312731990055561       -207.30445984883858                2
   177.55823369230316       -265.22822404020621                2
   155.66844796410311       -256.82614719402022                2
   169.13338264863677       -225.93902452086544                2
   183.02124186545365       -164.75939659142864                2
   151.50633703529817       -284.60062863812288                2
   143.95672769114009       -271.44670821130779                2
   151.48974317211247       -243.95464241611103                2
   156.47595065850962       -196.99296482291294                2
   120.77682908879322       -111.93390495276739                2
  -57.960417749136724       -149.30148503367138                2
  -114.26699937831545       -316.84739399879203                2
  -117.89189247523252       -285.76473631716806                2
  -84.584651644037024       -257.48196687595396                2
   1.0811472198881802       -244.24992279313105                2
  -110.26421030909174       -366.84750040079496                2
  -111.73036701207839       -357.19847794690310                2
  -115.68963297130914       -344.48621200125876                2
  -131.92862699109986       -344.79171597057450                2
  -132.48061667048003       -346.74079427469701                2
  -132.74157759465589       -347.43511251883530                3
  -132.74157759465589       -347.43511251883530                4
  -143.71158426435778       -352.82516450477129                5
  -142.87567633231197       -354.38464708992780                6
  -142.87567633231197       -354.38464708992780                7
 #           29
   0.0000000000000000        0.0000000000000000                2
   303.01020583789341       -138.90977744272914                2
   207.39904781033826       -143.37755085948834                2
   311.49226479962363       -42.006992924034449                2
   284.59965147675672       -71.507286772554195                2
   295.29885737047334        5.7132786215333766                2
   257.81410403730564        14.324676993935961                2
   192.83553442478001        55.387261612500467                2
   269.90133496824853       -74.490537235779172                2
   180.38234399954061       -52.506075297401395                2
   30.647688374405277       -113.58328861091550                2
   98.981107299709635       -324.50711572321302                2
   133.52534446886435       -346.07758847141679                3
   133.52534446886435       -346.07758847141679                4
   144.35265087518667       -352.82516450477129                5
   145.18887269279730       -358.39122071417188                6
   143.50993457745597       -359.95294560587780                7
 #           30
   0.0000000000000000        0.0000000000000000                2
   333.32211602957909        2.7346072249741051                2
   334.23941921689300        1.5693867863462867                3
   334.23941921689300        1.5693867863462867                4
   334.23941921689300        1.5693867863462867                5
   334.23941921689300        1.5693867863462867                6
   334.23941921689300        1.5693867863462867                7
 #           31
   0.0000000000000000        0.0000000000000000                2
  -266.73762901083427        199.90534855473385                2
  -304.03752380865694        280.45839171061220                2
  -309.57196894616499        274.38510753769731                2
  -295.51514890277389        276.95623249786894                2
  -305.45772483381825        270.75318081235326                2
  -288.33484951200825        276.04502057696959                2
  -298.15500587897981        283.98758370432046                2
  -296.31725116124727        279.67529997659454                2
  -305.30859163277978        280.06622155474679                2
  -302.96874891877644        271.78138481494631                2
  -298.90565430288393        255.38351776563005                2
  -270.83941343286335        237.47771215607625                2
  -312.68686799530462        207.98251575030739                2
  -393.34328099661127        210.39949273557571                2
  -344.33580849364296        189.62309452092950                2
  -280.73518941992222        132.80608528775988                2
  -211.47817829642634        220.76771158195265                2
  -255.34130345545401        168.92714492290634                2
  -220.90660315855922        54.236986470116221                2
  -159.24667844453901       -54.296298946903974                2
  -2.0928999618587341        38.207438265807426                2
   282.80691251097858       -54.801638950932940                2
   351.95389663046308       -38.004222522016164                2
   351.00880686966622       -35.287697769279653                2
   353.30631113359510       -35.712462403690672                2
   353.53706962691655       -34.993897763209048                3
   353.53706962691655       -34.993897763209048                4
   354.14736615403137       -32.075014954979153                5
   354.14736615403137       -32.075014954979153                6
   354.14736615403137       -32.075014954979153                7
 #           32
   0.0000000000000000        0.0000000000000000                2
   312.31395604363996        116.49508131883672                2
   239.91632469083720        141.05757834976535                2
   271.57193936457605        285.24102043444987                2
   268.46916252885552        283.76931530973150                2
   270.32934250099066        288.30878590982843                2
   270.58651039518787        288.04787206737450                2
   269.96887412971193        288.15734225462870                2
   270.26565221203276        288.67513459481296                3
   270.26565221203276        288.67513459481296                4
   270.26565221203276        288.67513459481296                5
   270.26565221203276        288.67513459481296                6
   270.00370663530504        289.46561059660763                7
 #           33
   0.0000000000000000        0.0000000000000000                2
   217.50830939862337        252.58908617290612                2
   247.37997293653126        232.34342964647476                2
   191.08403288768957        230.33641285435345                2
   229.62454182045087        186.54102924472497                2
   327.68943525163911        157.99891733981192                2
   330.16044044549119        241.84973391928193                2
   374.02501063303214        258.23624149979821                2
   383.07446976580212        287.29882057072825                2
   382.33854515167036        288.67513459481290                3
   386.56987083872781        292.69179168136162                4
   386.56987083872781        292.69179168136162                5
   386.56987083872781        292.69179168136162                6
   387.05392264348046        292.62466092869766                7
 #           34
   0.0000000000000000        0.0000000000000000                2
  -48.541013891929062       -329.78004955038534                2
   28.726305038087055       -356.47072346222188                2
  0.36245928997726296       -275.74675632986339                2
   78.515047766460739       -147.14361421265005                2
   228.65297963529321       -219.67278483084721                2
   291.48404760712964       -248.19612913804806                2
   331.95113703474601       -249.17824727050177                2
   343.10381319413870       -287.06784904715079                2
   344.55135149896097       -286.36927930274743                2
   343.30950799957037       -288.31216204521223                2
   342.98028168306132       -288.67513459481290                3
   376.75710176159629       -309.68800628589372                4
   376.75710176159629       -309.68800628589372                5
   376.69912245528832       -310.05847789813237                6
   376.69912245528832       -310.05847789813237                7
 #           35
   0.0000000000000000        0.0000000000000000                2
   229.27384201112085        241.95994809176716                2
   217.94177440313749        196.64005297116421                2
   225.99508366016238        288.32211479070673                2
   226.15112511480993        288.00545401555024                2
   225.74993688039115        287.46924502755616                2
   224.66334835574384        286.94627750798765                2
   224.80005107096747        285.22283351576834                2
   221.61023370588171        283.90243663688301                2
   224.72120031218489        287.52190242234025                2
   223.95447281752644        286.66046560366982                2
   222.19282329978060        285.68297794620310                2
   219.79766567173013        287.47636060102388                2
   220.75415337127387        286.75373319439814                2
   218.85175547845640        286.48416761996430                2
   218.47269284582279        284.32624088223230                2
   222.73393878089473        285.19495234420162                2
   222.35528227568113        288.67513459481302                3
   222.35528227568113        288.67513459481302                4
   206.78647766984264        294.01465573241592                5
   206.78647766984264        294.01465573241592                6
   205.33888617796117        292.97069657085967                7
 #           36
   0.0000000000000000        0.0000000000000000                2
   158.10189242917136       -293.45340809304940                2
   154.21100543770979       -290.26851477449941                2
   164.18881601303062       -290.76648134331208                2
   165.14066272461656       -291.31825095499408                3
   165.14066272461656       -291.31825095499408                4
   165.14066272461656       -291.31825095499408                5
   165.14066272461656       -291.31825095499408                6
   165.14066272461656       -291.31825095499408                7
 #           37
   0.0000000000000000        0.0000000000000000                2
   279.50390379172052        181.62785820545184                2
   177.04599401955389        150.61985750403875                2
   43.035834090608034        117.44552151326397                2
  -140.45595471170927        12.875322117679744                2
  -260.16000754589356       -138.90872460217196                2
  -376.95619479030267       -202.16179549418169                2
  -359.47634060041884       -263.00296142754871                2
  -344.79904908478943       -284.06566754274752                2
  -343.50230115614556       -279.64236206905093                2
  -340.26032443207993       -288.07329122441553                2
  -339.65939499164136       -288.10644616530578                2
  -339.42747558466868       -288.67513459481290                3
  -280.36408986152179       -293.15475852808686                4
  -280.36408986152179       -293.15475852808686                5
  -280.36408986152179       -293.15475852808686                6
  -280.42193938069971       -295.80291569591941                7
 #           38
   0.0000000000000000        0.0000000000000000                2
  -326.24989342066510        68.352894262904044                2
  -326.67749438253861        28.044276190477184                2
  -325.55827194708962        47.798859778763358                2
  -353.19759084293770        61.006371257078193                2
  -364.35262086183144        68.249404439152514                2
  -364.81487550129970        61.002921918486287                2
  -368.05244052038080        60.980066487248173                2
  -368.33289706885802        60.621022632674112                3
  -368.33289706885802        60.621022632674112                4
  -379.24037384726921        48.786733224656928                5
  -380.69486616566883        53.458358258298766                6
  -381.01680776637642        54.079075995016417                7
 #           39
   0.0000000000000000        0.0000000000000000                2
  -95.874238404550297       -319.24793111539270                2
  -129.51087762265885       -287.83824904954861                2
  -160.77921505475405       -297.04747522633158                2
  -161.58035191249274       -296.61060166041898                2
  -161.76512756861217       -297.16484934792868                3
  -161.76512756861217       -297.16484934792868                4
  -161.76512756861217       -297.16484934792868                5
  -161.76512756861217       -297.16484934792868                6
  -161.76512756861217       -297.16484934792868                7
 #           40
   0.0000000000000000        0.0000000000000000                2
  -319.01941304404039        96.631905766920482                2
  -274.89774694763480        54.927633241138615                2
  -196.87555298577314        52.181149465020709                2
  -341.21927502466986        74.730829835959824                2
  -310.84609144643406        77.879853247812562                2
  -255.72348368319422        97.212364913293072                2
  -353.45848071041223        159.35530680669544                2
  -397.46113700165211        115.32492044036982                2
  -397.12216101872752        113.22596295640905                2
  -396.18060805240896        114.22146550486750                2
  -398.68694543732551        115.18005224927973                2
  -397.72992862360752        114.91841077845719                2
  -397.38773847958890        113.26329610195778                2
  -398.35844985261718        113.89636993463712                2
  -397.74894084662287        114.07370347511750                2
  -397.19425854537820        115.19534392989436                2
  -398.75108273392516        113.30686567863376                3
  -418.51839946837578        96.225044864937757                4
  -418.51839946837578        96.225044864937757                5
  -418.51839946837578        96.225044864937757                6
  -418.82478052755380        94.269027284639165                7
 #           41
   0.0000000000000000        0.0000000000000000                2
   283.80406142904019        174.83239353018257                2
   180.92105543334156        126.09578746864472                2
   267.54525869384651        263.67591510869988                2
   263.72211873373561        288.67513459481296                3
   263.72211873373561        288.67513459481296                4
   263.72211873373561        288.67513459481296                5
   263.92775322980151        291.28073749466495                6
   263.92775322980151        291.28073749466495                7
 #           42
   0.0000000000000000        0.0000000000000000                2
   135.00237688042793       -304.77117538859540                2
   123.77638499676489       -288.98094846000532                2
   122.59495451113541       -252.00865307354360                2
   66.380799620673514       -240.75185648567074                2
   20.801316087752959       -139.74812349773904                2
  -6.7741052847504761        66.880894962752734                2
  -4.0060342840063878       -206.52476281003072                2
  -70.746691062256360       -37.264327682115038                2
   186.98233748067256       -99.843259145641241                2
   90.895936274397798        48.406648806290377                2
   10.685018918576731       -185.44224231424744                2
   184.15366557970097       -255.41318705832015                2
   162.87555553623355       -280.97877304609847                2
   158.18374992477854       -288.16163214231796                2
   153.15443861041894       -293.86375995893485                2
   157.61974986311077       -285.92589255816313                2
   166.45753109916632       -288.51590401718914                2
   166.70384288366137       -288.67513459481290                3
   166.70384288366137       -288.67513459481290                4
   166.70384288366137       -288.67513459481290                5
   166.70384288366137       -288.67513459481290                6
   166.70384288366137       -288.67513459481290                7
 #           43
   0.0000000000000000        0.0000000000000000                2
  -293.99343386083495       -157.09542309636498                2
  -390.76630269750609       -214.69416381742329                2
  -362.09609238457256       -264.66193406901266                2
  -339.76921173612459       -273.50185488326508                2
  -354.75940374549839       -271.15184196266773                2
  -343.61574655110513       -257.62835539279087                2
  -354.99032235957651       -286.51644158756062                2
  -354.24895182674561       -284.48904788316821                2
  -353.55428749483065       -288.67513459481290                3
  -382.41045023504682       -299.89611949698559                4
  -382.41045023504682       -299.89611949698559                5
  -382.98354608429850       -299.83012412447056                6
  -382.98354608429850       -299.83012412447056                7
 #           44
   0.0000000000000000        0.0000000000000000                2
  -172.27802504258915        285.36186360222712                2
  -170.14513892901317        287.89732440784519                2
  -170.51456638921482        287.21284501546018                2
  -169.68134683559484        288.67513459481296                3
  -169.68134683559484        288.67513459481296                4
  -169.68134683559484        288.67513459481296                5
  -169.68134683559484        288.67513459481296                6
  -169.68134683559484        288.67513459481296                7
 #           45
   0.0000000000000000        0.0000000000000000                2
  -297.74302647815085        149.86727893286854                2
  -192.38818039091532        140.66755488248697                2
  -44.402150223465071        143.19312958521294                2
  -104.71387423603962       -37.018195556505589                2
  -285.51608253222150       -181.75162416034573                2
  -336.25145974333498       -275.87154013393570                2
  -345.01015334851974       -285.21056135936936                2
  -341.67032872084945       -286.13188603621182                2
  -344.19583190778411       -286.43179749582822                2
  -345.93495835489227       -285.01475813834730                2
  -342.82795779718589       -286.94993341140656                2
  -344.55209343866773       -287.01055859593083                2
  -343.14677921861397       -287.90269378690192                2
  -343.13612890469267       -288.67513459481290                3
  -357.40749352150840       -343.20251086427947                4
  -364.53057714341298       -352.82516450477129                5
  -364.25868329064889       -352.93108361439107                6
  -364.25868329064889       -352.93108361439107                7
 #           46
   0.0000000000000000        0.0000000000000000                2
  -277.47970426517378        184.70550839653583                2
  -191.68225378636592        243.42927414044905                2
  -220.89034029825768        277.98467271389370                2
  -225.01255431179607        287.84841068962970                2
  -224.66649367848279        287.09760149051698                2
  -226.04753779304252        287.86005007815402                2
  -226.73849973855988        287.42769101540171                2
  -227.74772866346018        286.69449768417246                2
  -229.72836370058928        286.69722192503559                2
  -229.27782795741697        284.77130498150188                2
  -231.38633898684523        288.05673750836104                2
  -230.81274154267922        287.82565109902788                2
  -230.19053229247879        288.67513459481302                3
  -230.19053229247879        288.67513459481302                4
  -226.99950718298044        312.47564927552401                5
  -226.99950718298044        312.47564927552401                6
  -226.99950718298044        312.47564927552401                7
 #           47
   0.0000000000000000        0.0000000000000000                2
  -52.516117464662763       -329.17042473094210                2
   24.078876119910852       -346.85321152780165                2
   107.26016406066579       -391.57021540837934                3
   114.89494591546759       -391.45397358834327                4
   114.89494591546759       -391.45397358834327                5
   114.89494591546759       -391.45397358834327                6
   115.47045189480900       -391.60514193709162                7
 #           48
   0.0000000000000000        0.0000000000000000                2
  -289.65709519443840        164.95417034628468                2
  -288.09294080489758        44.662522336656735                2
  -239.98105696974321        82.987440629199256                2
  -183.71001070217338        191.61727166725765                2
  -95.237770465770950        231.52831604868686                2
  -144.75802879222090        154.61544262879806                2
  -271.60014325061672        203.22683453707003                2
  -288.39250678495779        119.44480478313884                2
  -291.39863941012180        20.848321649889940                2
  -244.64619854595665        23.565000374626383                2
  -239.28073472984721        115.17247232691020                2
  -366.19437468960672        171.95752612411883                2
  -329.06323185588064        128.02736240199255                2
  -368.68060405827953        73.115270784067846                2
  -363.16707007919609        70.889092257531999                2
  -353.69772216633777        69.264057771865055                2
  -349.38481958921273        85.703681118288586                2
  -337.57685398889794        59.270304210959580                2
  -327.00357485342329        35.560908656441967                2
  -305.67308112089887        26.279780852880648                2
  -333.73697549520540        50.536949501046891                2
  -339.46873113710359        26.286195450862689                2
  -334.84882089909257        19.964768900863540                2
  -340.85523624577564        13.712511278107751                2
  -340.65595302577327        13.990569372586195                2
  -341.50413949880783        14.152251417399043                3
  -341.50413949880783        14.152251417399043                4
  -341.50413949880783        14.152251417399043                5
  -348.39308262471638        16.682435684714001                6
  -348.19255733855567        17.819452752766296                7
 #           49
   0.0000000000000000        0.0000000000000000                2
  -11.417698528329032        333.13773018291886                2
  -34.813303924097355        223.38536415855702                2
  -159.69216888273741        300.75531911385502                3
  -159.69216888273741        300.75531911385502                4
  -159.69216888273741        300.75531911385502                5
  -160.91128857556083        300.08987062756859                6
  -160.91128857556083        300.08987062756859                7
 #           50
   0.0000000000000000        0.0000000000000000                2
  -331.09836586137328       -38.535480210310915                2
  -316.21961259682496       -23.429132886988576                2
  -331.66770695886004       -45.004309767909241                2
  -311.59766751482255       -31.945259067724493                2
  -338.29182371180070       -9.6248130014631315                2
  -338.08161283951250       -10.098491703667579                2
  -337.28927386895919       -10.598875363830521                2
  -338.65065728338436       -9.2098752417913214                3
  -338.65065728338436       -9.2098752417913214                4
  -338.65065728338436       -9.2098752417913214                5
  -338.65065728338436       -9.2098752417913214                6
  -338.65065728338436       -9.2098752417913214                7
