   0.0000000000000000        0.0000000000000000                1
  -129.13492381382696        307.30324203091021                1
  -122.89825189101821        284.96825406553296                1
  -119.35544378808190        324.56809020864682                1
  -96.752629365468238        320.17256395815832                1
  -60.797436031880729        293.44916184725577                1
  -149.62581084248939        302.59953639847595                1
  -156.96929301935705        299.98326924640179                1
  -157.30491625063414        297.25976651691064                1
  -154.74396487529989        300.08770953608746                1
  -152.68435611778858        304.22218255234776                1
  -149.67552297598590        301.10071033307031                1
  -141.19496714736744        301.70381749035602                1
  -126.80190480201935        295.83180906479583                1
  -95.926873768303565        297.91989342841032                1
