         0.00000000         0.00000000       1        0.00000000        0.00000000        0.00000000
        17.54357855        17.81075101       2       25.00000000      156.25000000        0.00000000
        22.09501615        16.38690728       2        4.76895325      161.93572879        0.00000000
        16.61495788         5.17376802       3       12.48060618      200.87711143        0.00000000
        30.42938981        -5.57022676       3       17.50062723      277.44509975        0.00000000
        32.19234644        -0.57202631       3        5.30000224      284.46760569        0.00000000
        31.43543428         0.45566489       3        1.27634839      284.87487199        0.00000000
        29.57758140        -0.14269451       3        1.95183280      285.82728482        0.00000000
        29.42325580        -3.89798649       3        3.75846169      289.35879339        0.00000000
        29.69815000         1.43014664       3        5.33521972      296.47493576        0.00000000
        26.41401336         3.54540638       3        3.90638929      300.28990508        0.00000000
        29.26051794        10.78034294       3        7.77476015      315.40162892        0.00000000
        37.27336762         6.86715127       3        8.91733306      335.28133616        0.00000000
        37.25501865         6.87817516       4        0.02140585      335.28145071        0.00000000
        37.24173249         6.91886966       4        0.04280846      335.28190885        0.00000000
        37.22831376         6.84542354       4        0.07466187      335.28330245        0.00000000
        37.19547448         6.88254162       4        0.04955977      335.28391650        0.00000000