PSD @ YYE. Simulation done on 2023- 5-26   12h35
     Segment Index     Hitting Probability

       1          9.6810E-03
       2          1.1212E-02
       3          1.5137E-02
       4          4.7045E-02
       5          4.7218E-02
       6          1.5398E-02
       7          1.1299E-02
       8          9.7900E-03
       9          9.9840E-03
      10          1.1266E-02
      11          1.5232E-02
      12          4.6708E-02
      13          4.6467E-02
      14          1.5192E-02
      15          1.1121E-02
      16          9.9100E-03
      17          9.7190E-03
      18          1.1206E-02
      19          1.5503E-02
      20          4.6682E-02
      21          4.6521E-02
      22          1.5269E-02
      23          1.1445E-02
      24          9.9670E-03
      25          9.9820E-03
      26          1.1201E-02
      27          1.5429E-02
      28          4.7386E-02
      29          4.6714E-02
      30          1.5139E-02
      31          1.1042E-02
      32          9.8670E-03
      33          9.9550E-03
      34          1.1236E-02
      35          1.5131E-02
      36          4.7009E-02
      37          4.6787E-02
      38          1.5359E-02
      39          1.1646E-02
      40          9.9030E-03
      41          1.0035E-02
      42          1.1296E-02
      43          1.5551E-02
      44          4.7277E-02
      45          4.6833E-02
      46          1.5352E-02
      47          1.1240E-02
      48          9.6580E-03
