PSD @ YYE. Simulation done on 2023- 5-27   23h31
     Segment Index     Hitting Probability

       1          5.5120E-03
       2          6.5720E-03
       3          1.0339E-02
       4          6.0266E-02
       5          6.0766E-02
       6          1.0288E-02
       7          6.7790E-03
       8          5.4950E-03
       9          5.5120E-03
      10          6.7030E-03
      11          1.0322E-02
      12          6.0675E-02
      13          6.1446E-02
      14          1.0178E-02
      15          6.7440E-03
      16          5.5830E-03
      17          5.3970E-03
      18          6.6050E-03
      19          1.0128E-02
      20          6.0975E-02
      21          6.0681E-02
      22          1.0270E-02
      23          6.5700E-03
      24          5.3440E-03
      25          5.5190E-03
      26          6.7110E-03
      27          1.0280E-02
      28          6.1232E-02
      29          6.1005E-02
      30          1.0107E-02
      31          6.7830E-03
      32          5.4640E-03
      33          5.4420E-03
      34          6.9380E-03
      35          1.0066E-02
      36          6.0912E-02
      37          6.0918E-02
      38          1.0270E-02
      39          6.5480E-03
      40          5.5720E-03
      41          5.3960E-03
      42          6.7540E-03
      43          1.0145E-02
      44          6.1198E-02
      45          6.1050E-02
      46          1.0282E-02
      47          6.6280E-03
      48          5.6300E-03
