PSD @ YYE. Simulation done on 2023- 5-30   11h11
     Segment Index     Hitting Probability

       1          1.2528E-02
       2          1.2459E-02
       3          1.7014E-02
       4          4.0867E-02
       5          4.0979E-02
       6          1.6565E-02
       7          1.2993E-02
       8          1.2556E-02
       9          1.2909E-02
      10          1.2741E-02
      11          1.7176E-02
      12          4.1494E-02
      13          4.1347E-02
      14          1.6631E-02
      15          1.2749E-02
      16          1.2550E-02
      17          1.2771E-02
      18          1.2625E-02
      19          1.6816E-02
      20          4.0903E-02
      21          4.0962E-02
      22          1.6790E-02
      23          1.2952E-02
      24          1.2413E-02
      25          1.2613E-02
      26          1.2800E-02
      27          1.7058E-02
      28          4.1199E-02
      29          4.1254E-02
      30          1.6588E-02
      31          1.2744E-02
      32          1.2550E-02
      33          1.2680E-02
      34          1.2462E-02
      35          1.6809E-02
      36          4.1001E-02
      37          4.1104E-02
      38          1.6714E-02
      39          1.2905E-02
      40          1.2678E-02
      41          1.2864E-02
      42          1.2765E-02
      43          1.7019E-02
      44          4.1200E-02
      45          4.1352E-02
      46          1.6652E-02
      47          1.2840E-02
      48          1.2359E-02
