PSD @ YYE. Simulation done on 2023- 5-25   16h 8
     Segment Index     Hitting Probability

       1          5.5870E-03
       2          6.6920E-03
       3          1.0462E-02
       4          6.0845E-02
       5          6.0814E-02
       6          1.0518E-02
       7          6.7460E-03
       8          5.4600E-03
       9          5.5340E-03
      10          6.6290E-03
      11          1.0335E-02
      12          6.1041E-02
      13          6.0422E-02
      14          1.0174E-02
      15          6.6200E-03
      16          5.6270E-03
      17          5.6790E-03
      18          6.6560E-03
      19          1.0303E-02
      20          6.0545E-02
      21          6.0460E-02
      22          1.0534E-02
      23          6.8300E-03
      24          5.5090E-03
      25          5.5440E-03
      26          6.6890E-03
      27          1.0594E-02
      28          6.0437E-02
      29          6.0386E-02
      30          1.0393E-02
      31          6.8980E-03
      32          5.5400E-03
      33          5.5580E-03
      34          6.5590E-03
      35          1.0439E-02
      36          6.1220E-02
      37          6.0839E-02
      38          1.0456E-02
      39          6.6790E-03
      40          5.6140E-03
      41          5.4830E-03
      42          6.8340E-03
      43          1.0451E-02
      44          6.0431E-02
      45          6.0539E-02
      46          1.0329E-02
      47          6.6590E-03
      48          5.4070E-03
