PSD @ YYE. Simulation done on 2023- 5-28   11h37
     Segment Index     Hitting Probability

       1          5.4020E-03
       2          6.6050E-03
       3          1.0155E-02
       4          6.1060E-02
       5          6.0736E-02
       6          1.0133E-02
       7          6.7520E-03
       8          5.5480E-03
       9          5.5450E-03
      10          6.7770E-03
      11          1.0167E-02
      12          6.0992E-02
      13          6.0878E-02
      14          1.0459E-02
      15          6.6250E-03
      16          5.6220E-03
      17          5.4650E-03
      18          6.6670E-03
      19          1.0379E-02
      20          6.0687E-02
      21          6.0908E-02
      22          1.0127E-02
      23          6.7460E-03
      24          5.5910E-03
      25          5.5430E-03
      26          6.6780E-03
      27          1.0265E-02
      28          6.0869E-02
      29          6.1065E-02
      30          1.0203E-02
      31          6.7390E-03
      32          5.4880E-03
      33          5.5510E-03
      34          6.8260E-03
      35          1.0309E-02
      36          6.0726E-02
      37          6.0715E-02
      38          1.0338E-02
      39          6.6880E-03
      40          5.4740E-03
      41          5.5500E-03
      42          6.8060E-03
      43          1.0115E-02
      44          6.0736E-02
      45          6.0878E-02
      46          1.0223E-02
      47          6.6720E-03
      48          5.5170E-03
