PSD @ YYE. Simulation done on 2023- 5-30   11h21
     Segment Index     Hitting Probability

       1          1.2684E-02
       2          1.3110E-02
       3          1.6904E-02
       4          3.9746E-02
       5          4.0031E-02
       6          1.7146E-02
       7          1.3602E-02
       8          1.3232E-02
       9          1.3192E-02
      10          1.3472E-02
      11          1.7202E-02
      12          4.0100E-02
      13          3.9733E-02
      14          1.6987E-02
      15          1.3367E-02
      16          1.2807E-02
      17          1.2835E-02
      18          1.3137E-02
      19          1.7040E-02
      20          3.9708E-02
      21          3.9717E-02
      22          1.7173E-02
      23          1.3619E-02
      24          1.3093E-02
      25          1.3148E-02
      26          1.3696E-02
      27          1.7378E-02
      28          4.0196E-02
      29          3.9646E-02
      30          1.7050E-02
      31          1.3195E-02
      32          1.2733E-02
      33          1.2714E-02
      34          1.3041E-02
      35          1.6969E-02
      36          3.9507E-02
      37          3.9654E-02
      38          1.7570E-02
      39          1.3551E-02
      40          1.3321E-02
      41          1.3164E-02
      42          1.3682E-02
      43          1.7596E-02
      44          3.9887E-02
      45          3.9508E-02
      46          1.7107E-02
      47          1.3293E-02
      48          1.2757E-02
