PSD @ YYE. Simulation done on 2023- 5-25   16h17
     Segment Index     Hitting Probability

       1          8.1120E-03
       2          9.5670E-03
       3          1.3786E-02
       4          5.1796E-02
       5          5.2172E-02
       6          1.3673E-02
       7          9.7250E-03
       8          8.0140E-03
       9          8.2920E-03
      10          9.5690E-03
      11          1.3593E-02
      12          5.1627E-02
      13          5.1801E-02
      14          1.3619E-02
      15          9.6440E-03
      16          8.0700E-03
      17          8.1320E-03
      18          9.6500E-03
      19          1.3760E-02
      20          5.1681E-02
      21          5.1559E-02
      22          1.3751E-02
      23          9.7670E-03
      24          8.1780E-03
      25          8.2580E-03
      26          9.6200E-03
      27          1.3777E-02
      28          5.2079E-02
      29          5.1504E-02
      30          1.3738E-02
      31          9.5980E-03
      32          7.9310E-03
      33          8.2050E-03
      34          9.5430E-03
      35          1.3780E-02
      36          5.1856E-02
      37          5.1563E-02
      38          1.3766E-02
      39          9.7950E-03
      40          7.9960E-03
      41          8.2150E-03
      42          9.5920E-03
      43          1.3729E-02
      44          5.2310E-02
      45          5.1946E-02
      46          1.3722E-02
      47          9.7850E-03
      48          8.1540E-03
