PSD @ YYE. Simulation done on 2023- 4-19   22h14
  -500.00000000000000       -288.67513459481290     
  -487.65432098765433       -288.67513459481290     
  -481.48148148148152       -299.36680624647261     
  -475.30864197530866       -288.67513459481290     
  -462.96296296296299       -288.67513459481290     
  -456.79012345679013       -299.36680624647266     
  -462.96296296296299       -310.05847789813242     
  -450.61728395061732       -310.05847789813237     
  -444.44444444444446       -320.75014954979213     
  -438.27160493827159       -310.05847789813237     
  -425.92592592592592       -310.05847789813237     
  -432.09876543209879       -299.36680624647266     
  -425.92592592592592       -288.67513459481290     
  -413.58024691358025       -288.67513459481290     
  -407.40740740740745       -299.36680624647261     
  -401.23456790123458       -288.67513459481290     
  -388.88888888888891       -288.67513459481290     
  -382.71604938271605       -299.36680624647266     
  -388.88888888888891       -310.05847789813242     
  -376.54320987654324       -310.05847789813237     
  -370.37037037037038       -320.75014954979213     
  -376.54320987654324       -331.44182120145189     
  -388.88888888888891       -331.44182120145189     
  -382.71604938271605       -342.13349285311159     
  -388.88888888888891       -352.82516450477135     
  -376.54320987654324       -352.82516450477135     
  -370.37037037037038       -363.51683615643105     
  -364.19753086419757       -352.82516450477129     
  -351.85185185185190       -352.82516450477129     
  -345.67901234567904       -363.51683615643105     
  -351.85185185185190       -374.20850780809081     
  -339.50617283950623       -374.20850780809076     
  -333.33333333333337       -384.90017945975052     
  -327.16049382716051       -374.20850780809076     
  -314.81481481481484       -374.20850780809076     
  -320.98765432098770       -363.51683615643105     
  -314.81481481481484       -352.82516450477129     
  -302.46913580246917       -352.82516450477129     
  -296.29629629629636       -363.51683615643100     
  -290.12345679012350       -352.82516450477129     
  -277.77777777777783       -352.82516450477129     
  -283.95061728395063       -342.13349285311159     
  -277.77777777777777       -331.44182120145189     
  -290.12345679012350       -331.44182120145183     
  -296.29629629629630       -320.75014954979213     
  -290.12345679012344       -310.05847789813237     
  -277.77777777777777       -310.05847789813237     
  -283.95061728395063       -299.36680624647266     
  -277.77777777777777       -288.67513459481290     
  -265.43209876543210       -288.67513459481290     
  -259.25925925925924       -299.36680624647266     
  -253.08641975308640       -288.67513459481290     
  -240.74074074074073       -288.67513459481290     
  -234.56790123456790       -299.36680624647266     
  -240.74074074074073       -310.05847789813242     
  -228.39506172839506       -310.05847789813237     
  -222.22222222222223       -320.75014954979213     
  -216.04938271604939       -310.05847789813237     
  -203.70370370370372       -310.05847789813237     
  -209.87654320987656       -299.36680624647266     
  -203.70370370370372       -288.67513459481290     
  -191.35802469135805       -288.67513459481290     
  -185.18518518518522       -299.36680624647266     
  -179.01234567901236       -288.67513459481290     
  -166.66666666666669       -288.67513459481290     
  -160.49382716049385       -299.36680624647266     
  -166.66666666666669       -310.05847789813242     
  -154.32098765432102       -310.05847789813237     
  -148.14814814814818       -320.75014954979213     
  -154.32098765432102       -331.44182120145189     
  -166.66666666666669       -331.44182120145189     
  -160.49382716049385       -342.13349285311159     
  -166.66666666666669       -352.82516450477135     
  -154.32098765432102       -352.82516450477135     
  -148.14814814814815       -363.51683615643105     
  -141.97530864197532       -352.82516450477129     
  -129.62962962962965       -352.82516450477129     
  -123.45679012345681       -363.51683615643105     
  -129.62962962962965       -374.20850780809081     
  -117.28395061728398       -374.20850780809076     
  -111.11111111111114       -384.90017945975052     
  -117.28395061728399       -395.59185111141028     
  -129.62962962962968       -395.59185111141028     
  -123.45679012345683       -406.28352276306998     
  -129.62962962962968       -416.97519441472974     
  -141.97530864197535       -416.97519441472974     
  -148.14814814814818       -406.28352276306998     
  -154.32098765432104       -416.97519441472974     
  -166.66666666666671       -416.97519441472974     
  -160.49382716049388       -427.66686606638945     
  -166.66666666666671       -438.35853771804921     
  -154.32098765432102       -438.35853771804921     
  -148.14814814814818       -449.05020936970891     
  -154.32098765432102       -459.74188102136867     
  -166.66666666666671       -459.74188102136867     
  -160.49382716049388       -470.43355267302837     
  -166.66666666666671       -481.12522432468813     
  -154.32098765432104       -481.12522432468813     
  -148.14814814814821       -491.81689597634789     
  -141.97530864197535       -481.12522432468813     
  -129.62962962962968       -481.12522432468813     
  -123.45679012345684       -491.81689597634789     
  -129.62962962962968       -502.50856762800765     
  -117.28395061728401       -502.50856762800760     
  -111.11111111111117       -513.20023927966736     
  -104.93827160493832       -502.50856762800765     
  -92.592592592592652       -502.50856762800765     
  -98.765432098765487       -491.81689597634789     
  -92.592592592592638       -481.12522432468819     
  -80.246913580246954       -481.12522432468819     
  -74.074074074074119       -491.81689597634795     
  -67.901234567901284       -481.12522432468819     
  -55.555555555555600       -481.12522432468819     
  -49.382716049382758       -491.81689597634789     
  -55.555555555555586       -502.50856762800765     
  -43.209876543209923       -502.50856762800765     
  -37.037037037037081       -513.20023927966736     
  -43.209876543209923       -523.89191093132706     
  -55.555555555555607       -523.89191093132706     
  -49.382716049382758       -534.58358258298688     
  -55.555555555555600       -545.27525423464658     
  -43.209876543209923       -545.27525423464658     
  -37.037037037037088       -555.96692588630629     
  -30.864197530864246       -545.27525423464658     
  -18.518518518518572       -545.27525423464658     
  -12.345679012345734       -555.96692588630629     
  -18.518518518518576       -566.65859753796599     
  -6.1728395061728953       -566.65859753796610     
  -5.6843418860808015E-014  -577.35026918962581     
   6.1728395061727852       -566.65859753796610     
   18.518518518518469       -566.65859753796610     
   12.345679012345627       -555.96692588630629     
   18.518518518518469       -545.27525423464658     
   30.864197530864146       -545.27525423464658     
   37.037037037036981       -555.96692588630629     
   43.209876543209830       -545.27525423464658     
   55.555555555555507       -545.27525423464658     
   49.382716049382672       -534.58358258298688     
   55.555555555555522       -523.89191093132717     
   43.209876543209830       -523.89191093132706     
   37.037037037036995       -513.20023927966736     
   43.209876543209838       -502.50856762800765     
   55.555555555555507       -502.50856762800765     
   49.382716049382680       -491.81689597634789     
   55.555555555555522       -481.12522432468819     
   67.901234567901199       -481.12522432468819     
   74.074074074074034       -491.81689597634795     
   80.246913580246883       -481.12522432468819     
   92.592592592592567       -481.12522432468819     
   98.765432098765402       -491.81689597634789     
   92.592592592592581       -502.50856762800765     
   104.93827160493825       -502.50856762800765     
   111.11111111111109       -513.20023927966736     
   117.28395061728394       -502.50856762800765     
   129.62962962962962       -502.50856762800765     
   123.45679012345677       -491.81689597634789     
   129.62962962962962       -481.12522432468819     
   141.97530864197529       -481.12522432468819     
   148.14814814814812       -491.81689597634795     
   154.32098765432099       -481.12522432468819     
   166.66666666666666       -481.12522432468819     
   160.49382716049382       -470.43355267302843     
   166.66666666666669       -459.74188102136867     
   154.32098765432099       -459.74188102136873     
   148.14814814814815       -449.05020936970897     
   154.32098765432099       -438.35853771804921     
   166.66666666666669       -438.35853771804921     
   160.49382716049385       -427.66686606638950     
   166.66666666666669       -416.97519441472974     
   154.32098765432099       -416.97519441472974     
   148.14814814814815       -406.28352276306998     
   141.97530864197532       -416.97519441472974     
   129.62962962962962       -416.97519441472974     
   123.45679012345678       -406.28352276306998     
   129.62962962962962       -395.59185111141022     
   117.28395061728395       -395.59185111141028     
   111.11111111111111       -384.90017945975052     
   117.28395061728396       -374.20850780809076     
   129.62962962962965       -374.20850780809076     
   123.45679012345680       -363.51683615643105     
   129.62962962962965       -352.82516450477129     
   141.97530864197532       -352.82516450477129     
   148.14814814814815       -363.51683615643105     
   154.32098765432102       -352.82516450477129     
   166.66666666666669       -352.82516450477129     
   160.49382716049385       -342.13349285311159     
   166.66666666666669       -331.44182120145183     
   154.32098765432099       -331.44182120145183     
   148.14814814814815       -320.75014954979213     
   154.32098765432099       -310.05847789813237     
   166.66666666666669       -310.05847789813237     
   160.49382716049385       -299.36680624647266     
   166.66666666666669       -288.67513459481290     
   179.01234567901236       -288.67513459481290     
   185.18518518518519       -299.36680624647266     
   191.35802469135805       -288.67513459481290     
   203.70370370370372       -288.67513459481290     
   209.87654320987656       -299.36680624647266     
   203.70370370370372       -310.05847789813242     
   216.04938271604939       -310.05847789813237     
   222.22222222222223       -320.75014954979213     
   228.39506172839506       -310.05847789813237     
   240.74074074074073       -310.05847789813237     
   234.56790123456790       -299.36680624647266     
   240.74074074074073       -288.67513459481290     
   253.08641975308640       -288.67513459481290     
   259.25925925925924       -299.36680624647266     
   265.43209876543210       -288.67513459481290     
   277.77777777777777       -288.67513459481290     
   283.95061728395063       -299.36680624647266     
   277.77777777777777       -310.05847789813242     
   290.12345679012344       -310.05847789813237     
   296.29629629629630       -320.75014954979213     
   290.12345679012344       -331.44182120145189     
   277.77777777777777       -331.44182120145189     
   283.95061728395063       -342.13349285311159     
   277.77777777777777       -352.82516450477135     
   290.12345679012344       -352.82516450477135     
   296.29629629629630       -363.51683615643105     
   302.46913580246911       -352.82516450477129     
   314.81481481481478       -352.82516450477129     
   320.98765432098764       -363.51683615643105     
   314.81481481481478       -374.20850780809081     
   327.16049382716045       -374.20850780809076     
   333.33333333333331       -384.90017945975052     
   339.50617283950618       -374.20850780809076     
   351.85185185185185       -374.20850780809076     
   345.67901234567898       -363.51683615643105     
   351.85185185185185       -352.82516450477129     
   364.19753086419752       -352.82516450477129     
   370.37037037037038       -363.51683615643105     
   376.54320987654324       -352.82516450477129     
   388.88888888888891       -352.82516450477129     
   382.71604938271605       -342.13349285311159     
   388.88888888888886       -331.44182120145183     
   376.54320987654324       -331.44182120145183     
   370.37037037037038       -320.75014954979213     
   376.54320987654324       -310.05847789813237     
   388.88888888888891       -310.05847789813237     
   382.71604938271605       -299.36680624647266     
   388.88888888888891       -288.67513459481290     
   401.23456790123458       -288.67513459481290     
   407.40740740740739       -299.36680624647261     
   413.58024691358025       -288.67513459481290     
   425.92592592592592       -288.67513459481290     
   432.09876543209879       -299.36680624647266     
   425.92592592592592       -310.05847789813242     
   438.27160493827159       -310.05847789813237     
   444.44444444444446       -320.75014954979213     
   450.61728395061732       -310.05847789813237     
   462.96296296296299       -310.05847789813237     
   456.79012345679013       -299.36680624647266     
   462.96296296296299       -288.67513459481290     
   475.30864197530866       -288.67513459481290     
   481.48148148148147       -299.36680624647261     
   487.65432098765433       -288.67513459481290     
   500.00000000000000       -288.67513459481290     
   493.82716049382714       -277.98346294315314     
   500.00000000000000       -267.29179129149338     
   487.65432098765433       -267.29179129149344     
   481.48148148148147       -256.60011963983368     
   487.65432098765433       -245.90844798817395     
   500.00000000000000       -245.90844798817395     
   493.82716049382714       -235.21677633651422     
   500.00000000000000       -224.52510468485448     
   487.65432098765433       -224.52510468485448     
   481.48148148148152       -213.83343303319475     
   475.30864197530866       -224.52510468485445     
   462.96296296296299       -224.52510468485445     
   456.79012345679013       -213.83343303319472     
   462.96296296296299       -203.14176138153499     
   450.61728395061732       -203.14176138153496     
   444.44444444444446       -192.45008972987523     
   450.61728395061732       -181.75841807821550     
   462.96296296296299       -181.75841807821550     
   456.79012345679013       -171.06674642655577     
   462.96296296296299       -160.37507477489604     
   475.30864197530866       -160.37507477489604     
   481.48148148148152       -171.06674642655580     
   487.65432098765439       -160.37507477489606     
   500.00000000000006       -160.37507477489606     
   493.82716049382725       -149.68340312323633     
   500.00000000000011       -138.99173147157660     
   487.65432098765439       -138.99173147157657     
   481.48148148148158       -128.30005981991684     
   487.65432098765444       -117.60838816825711     
   500.00000000000011       -117.60838816825711     
   493.82716049382725       -106.91671651659736     
   500.00000000000011       -96.225044864937630     
   487.65432098765444       -96.225044864937630     
   481.48148148148158       -85.533373213277883     
   475.30864197530872       -96.225044864937615     
   462.96296296296305       -96.225044864937615     
   456.79012345679018       -85.533373213277869     
   462.96296296296305       -74.841701561618123     
   450.61728395061738       -74.841701561618109     
   444.44444444444451       -64.150029909958363     
   438.27160493827165       -74.841701561618109     
   425.92592592592598       -74.841701561618109     
   432.09876543209884       -85.533373213277869     
   425.92592592592598       -96.225044864937615     
   413.58024691358031       -96.225044864937615     
   407.40740740740745       -85.533373213277869     
   401.23456790123458       -96.225044864937601     
   388.88888888888891       -96.225044864937601     
   382.71604938271605       -85.533373213277869     
   388.88888888888891       -74.841701561618123     
   376.54320987654324       -74.841701561618123     
   370.37037037037038       -64.150029909958391     
   376.54320987654324       -53.458358258298659     
   388.88888888888891       -53.458358258298666     
   382.71604938271605       -42.766686606638920     
   388.88888888888891       -32.075014954979189     
   376.54320987654324       -32.075014954979181     
   370.37037037037044       -21.383343303319446     
   364.19753086419757       -32.075014954979167     
   351.85185185185190       -32.075014954979160     
   345.67901234567904       -21.383343303319421     
   351.85185185185190       -10.691671651659680     
   339.50617283950623       -10.691671651659682     
   333.33333333333337        5.6843418860808015E-014
   339.50617283950623        10.691671651659790     
   351.85185185185190        10.691671651659785     
   345.67901234567904        21.383343303319528     
   351.85185185185190        32.075014954979260     
   364.19753086419757        32.075014954979245     
   370.37037037037038        21.383343303319492     
   376.54320987654330        32.075014954979238     
   388.88888888888897        32.075014954979224     
   382.71604938271616        42.766686606638963     
   388.88888888888903        53.458358258298688     
   376.54320987654330        53.458358258298709     
   370.37037037037049        64.150029909958448     
   376.54320987654336        74.841701561618180     
   388.88888888888903        74.841701561618180     
   382.71604938271616        85.533373213277926     
   388.88888888888903        96.225044864937658     
   401.23456790123470        96.225044864937644     
   407.40740740740756        85.533373213277898     
   413.58024691358042        96.225044864937644     
   425.92592592592609        96.225044864937630     
   432.09876543209890        85.533373213277883     
   425.92592592592604        74.841701561618152     
   438.27160493827176        74.841701561618137     
   444.44444444444457        64.150029909958391     
   450.61728395061743        74.841701561618123     
   462.96296296296310        74.841701561618109     
   456.79012345679024        85.533373213277855     
   462.96296296296310        96.225044864937587     
   475.30864197530877        96.225044864937573     
   481.48148148148164        85.533373213277827     
   487.65432098765450        96.225044864937573     
   500.00000000000017        96.225044864937558     
   493.82716049382731        106.91671651659730     
   500.00000000000017        117.60838816825705     
   487.65432098765450        117.60838816825704     
   481.48148148148164        128.30005981991678     
   487.65432098765450        138.99173147157651     
   500.00000000000017        138.99173147157651     
   493.82716049382731        149.68340312323625     
   500.00000000000017        160.37507477489598     
   487.65432098765450        160.37507477489598     
   481.48148148148169        171.06674642655571     
   475.30864197530883        160.37507477489601     
   462.96296296296316        160.37507477489601     
   456.79012345679030        171.06674642655574     
   462.96296296296316        181.75841807821547     
   450.61728395061749        181.75841807821550     
   444.44444444444463        192.45008972987523     
   450.61728395061749        203.14176138153496     
   462.96296296296316        203.14176138153496     
   456.79012345679030        213.83343303319469     
   462.96296296296316        224.52510468485443     
   475.30864197530883        224.52510468485443     
   481.48148148148169        213.83343303319467     
   487.65432098765456        224.52510468485440     
   500.00000000000023        224.52510468485440     
   493.82716049382742        235.21677633651413     
   500.00000000000028        245.90844798817386     
   487.65432098765456        245.90844798817389     
   481.48148148148175        256.60011963983362     
   487.65432098765461        267.29179129149338     
   500.00000000000028        267.29179129149338     
   493.82716049382742        277.98346294315309     
   500.00000000000028        288.67513459481285     
   487.65432098765461        288.67513459481285     
   481.48148148148175        299.36680624647261     
   475.30864197530889        288.67513459481285     
   462.96296296296322        288.67513459481285     
   456.79012345679041        299.36680624647261     
   462.96296296296327        310.05847789813231     
   450.61728395061755        310.05847789813231     
   444.44444444444474        320.75014954979207     
   438.27160493827188        310.05847789813237     
   425.92592592592621        310.05847789813237     
   432.09876543209907        299.36680624647261     
   425.92592592592621        288.67513459481290     
   413.58024691358054        288.67513459481290     
   407.40740740740767        299.36680624647266     
   401.23456790123481        288.67513459481290     
   388.88888888888914        288.67513459481290     
   382.71604938271634        299.36680624647266     
   388.88888888888920        310.05847789813237     
   376.54320987654347        310.05847789813237     
   370.37037037037067        320.75014954979213     
   376.54320987654353        331.44182120145189     
   388.88888888888920        331.44182120145189     
   382.71604938271639        342.13349285311159     
   388.88888888888926        352.82516450477135     
   376.54320987654353        352.82516450477135     
   370.37037037037067        363.51683615643111     
   364.19753086419786        352.82516450477141     
   351.85185185185213        352.82516450477141     
   345.67901234567933        363.51683615643117     
   351.85185185185219        374.20850780809087     
   339.50617283950646        374.20850780809087     
   333.33333333333366        384.90017945975063     
   327.16049382716079        374.20850780809087     
   314.81481481481512        374.20850780809087     
   320.98765432098799        363.51683615643117     
   314.81481481481512        352.82516450477141     
   302.46913580246945        352.82516450477141     
   296.29629629629659        363.51683615643117     
   290.12345679012373        352.82516450477141     
   277.77777777777806        352.82516450477141     
   283.95061728395086        342.13349285311165     
   277.77777777777800        331.44182120145189     
   290.12345679012373        331.44182120145189     
   296.29629629629653        320.75014954979213     
   290.12345679012367        310.05847789813237     
   277.77777777777800        310.05847789813237     
   283.95061728395086        299.36680624647266     
   277.77777777777800        288.67513459481290     
   265.43209876543233        288.67513459481290     
   259.25925925925947        299.36680624647266     
   253.08641975308663        288.67513459481290     
   240.74074074074093        288.67513459481290     
   234.56790123456810        299.36680624647266     
   240.74074074074093        310.05847789813242     
   228.39506172839526        310.05847789813237     
   222.22222222222243        320.75014954979213     
   216.04938271604959        310.05847789813242     
   203.70370370370392        310.05847789813242     
   209.87654320987673        299.36680624647266     
   203.70370370370389        288.67513459481296     
   191.35802469135820        288.67513459481296     
   185.18518518518536        299.36680624647272     
   179.01234567901253        288.67513459481296     
   166.66666666666683        288.67513459481296     
   160.49382716049399        299.36680624647272     
   166.66666666666686        310.05847789813248     
   154.32098765432116        310.05847789813242     
   148.14814814814832        320.75014954979218     
   154.32098765432116        331.44182120145194     
   166.66666666666686        331.44182120145194     
   160.49382716049402        342.13349285311165     
   166.66666666666686        352.82516450477141     
   154.32098765432116        352.82516450477141     
   148.14814814814832        363.51683615643117     
   141.97530864197549        352.82516450477141     
   129.62962962962979        352.82516450477141     
   123.45679012345695        363.51683615643117     
   129.62962962962979        374.20850780809093     
   117.28395061728412        374.20850780809087     
   111.11111111111128        384.90017945975063     
   117.28395061728413        395.59185111141039     
   129.62962962962982        395.59185111141039     
   123.45679012345697        406.28352276307010     
   129.62962962962982        416.97519441472986     
   141.97530864197549        416.97519441472986     
   148.14814814814832        406.28352276307010     
   154.32098765432119        416.97519441472986     
   166.66666666666686        416.97519441472986     
   160.49382716049402        427.66686606638956     
   166.66666666666686        438.35853771804926     
   154.32098765432121        438.35853771804932     
   148.14814814814838        449.05020936970902     
   154.32098765432121        459.74188102136878     
   166.66666666666691        459.74188102136878     
   160.49382716049408        470.43355267302849     
   166.66666666666691        481.12522432468825     
   154.32098765432124        481.12522432468825     
   148.14814814814841        491.81689597634801     
   141.97530864197554        481.12522432468825     
   129.62962962962987        481.12522432468825     
   123.45679012345704        491.81689597634801     
   129.62962962962990        502.50856762800777     
   117.28395061728419        502.50856762800771     
   111.11111111111136        513.20023927966747     
   104.93827160493851        502.50856762800771     
   92.592592592592823        502.50856762800771     
   98.765432098765658        491.81689597634801     
   92.592592592592808        481.12522432468825     
   80.246913580247124        481.12522432468825     
   74.074074074074289        491.81689597634801     
   67.901234567901440        481.12522432468825     
   55.555555555555763        481.12522432468825     
   49.382716049382928        491.81689597634801     
   55.555555555555777        502.50856762800777     
   43.209876543210086        502.50856762800771     
   37.037037037037251        513.20023927966747     
   43.209876543210100        523.89191093132717     
   55.555555555555792        523.89191093132717     
   49.382716049382950        534.58358258298699     
   55.555555555555799        545.27525423464670     
   43.209876543210115        545.27525423464670     
   37.037037037037273        555.96692588630640     
   30.864197530864423        545.27525423464670     
   18.518518518518739        545.27525423464670     
   12.345679012345901        555.96692588630640     
   18.518518518518750        566.65859753796610     
   6.1728395061730650        566.65859753796622     
   2.2737367544323206E-013   577.35026918962592     
  -6.1728395061726147        566.65859753796622     
  -18.518518518518299        566.65859753796622     
  -12.345679012345457        555.96692588630640     
  -18.518518518518299        545.27525423464670     
  -30.864197530863983        545.27525423464670     
  -37.037037037036825        555.96692588630640     
  -43.209876543209667        545.27525423464670     
  -55.555555555555351        545.27525423464670     
  -49.382716049382509        534.58358258298699     
  -55.555555555555351        523.89191093132729     
  -43.209876543209667        523.89191093132717     
  -37.037037037036825        513.20023927966747     
  -43.209876543209667        502.50856762800771     
  -55.555555555555351        502.50856762800771     
  -49.382716049382509        491.81689597634801     
  -55.555555555555351        481.12522432468825     
  -67.901234567901028        481.12522432468825     
  -74.074074074073863        491.81689597634801     
  -80.246913580246712        481.12522432468825     
  -92.592592592592396        481.12522432468825     
  -98.765432098765231        491.81689597634801     
  -92.592592592592382        502.50856762800777     
  -104.93827160493807        502.50856762800771     
  -111.11111111111090        513.20023927966747     
  -117.28395061728375        502.50856762800777     
  -129.62962962962942        502.50856762800777     
  -123.45679012345660        491.81689597634801     
  -129.62962962962945        481.12522432468830     
  -141.97530864197512        481.12522432468830     
  -148.14814814814795        491.81689597634806     
  -154.32098765432082        481.12522432468830     
  -166.66666666666649        481.12522432468830     
  -160.49382716049365        470.43355267302854     
  -166.66666666666649        459.74188102136878     
  -154.32098765432082        459.74188102136884     
  -148.14814814814798        449.05020936970908     
  -154.32098765432082        438.35853771804932     
  -166.66666666666652        438.35853771804932     
  -160.49382716049368        427.66686606638962     
  -166.66666666666652        416.97519441472986     
  -154.32098765432082        416.97519441472986     
  -148.14814814814798        406.28352276307010     
  -141.97530864197515        416.97519441472986     
  -129.62962962962945        416.97519441472986     
  -123.45679012345661        406.28352276307010     
  -129.62962962962945        395.59185111141034     
  -117.28395061728378        395.59185111141039     
  -111.11111111111094        384.90017945975063     
  -117.28395061728379        374.20850780809087     
  -129.62962962962948        374.20850780809087     
  -123.45679012345663        363.51683615643117     
  -129.62962962962948        352.82516450477141     
  -141.97530864197515        352.82516450477141     
  -148.14814814814798        363.51683615643117     
  -154.32098765432085        352.82516450477141     
  -166.66666666666652        352.82516450477141     
  -160.49382716049368        342.13349285311165     
  -166.66666666666652        331.44182120145189     
  -154.32098765432082        331.44182120145194     
  -148.14814814814798        320.75014954979218     
  -154.32098765432082        310.05847789813242     
  -166.66666666666652        310.05847789813242     
  -160.49382716049368        299.36680624647272     
  -166.66666666666652        288.67513459481296     
  -179.01234567901218        288.67513459481296     
  -185.18518518518502        299.36680624647272     
  -191.35802469135788        288.67513459481296     
  -203.70370370370355        288.67513459481296     
  -209.87654320987639        299.36680624647272     
  -203.70370370370352        310.05847789813248     
  -216.04938271604922        310.05847789813242     
  -222.22222222222206        320.75014954979218     
  -228.39506172839492        310.05847789813248     
  -240.74074074074059        310.05847789813248     
  -234.56790123456776        299.36680624647272     
  -240.74074074074062        288.67513459481302     
  -253.08641975308629        288.67513459481302     
  -259.25925925925912        299.36680624647278     
  -265.43209876543199        288.67513459481302     
  -277.77777777777766        288.67513459481302     
  -283.95061728395046        299.36680624647278     
  -277.77777777777760        310.05847789813248     
  -290.12345679012333        310.05847789813248     
  -296.29629629629613        320.75014954979224     
  -290.12345679012327        331.44182120145200     
  -277.77777777777760        331.44182120145200     
  -283.95061728395046        342.13349285311170     
  -277.77777777777760        352.82516450477146     
  -290.12345679012327        352.82516450477146     
  -296.29629629629613        363.51683615643122     
  -302.46913580246900        352.82516450477146     
  -314.81481481481467        352.82516450477146     
  -320.98765432098747        363.51683615643122     
  -314.81481481481461        374.20850780809093     
  -327.16049382716034        374.20850780809093     
  -333.33333333333314        384.90017945975069     
  -339.50617283950601        374.20850780809093     
  -351.85185185185168        374.20850780809093     
  -345.67901234567881        363.51683615643122     
  -351.85185185185168        352.82516450477146     
  -364.19753086419735        352.82516450477146     
  -370.37037037037015        363.51683615643122     
  -376.54320987654307        352.82516450477152     
  -388.88888888888874        352.82516450477152     
  -382.71604938271594        342.13349285311176     
  -388.88888888888880        331.44182120145206     
  -376.54320987654307        331.44182120145206     
  -370.37037037037027        320.75014954979230     
  -376.54320987654313        310.05847789813254     
  -388.88888888888880        310.05847789813254     
  -382.71604938271594        299.36680624647283     
  -388.88888888888880        288.67513459481307     
  -401.23456790123447        288.67513459481307     
  -407.40740740740733        299.36680624647283     
  -413.58024691358020        288.67513459481307     
  -425.92592592592587        288.67513459481307     
  -432.09876543209867        299.36680624647283     
  -425.92592592592581        310.05847789813254     
  -438.27160493827154        310.05847789813254     
  -444.44444444444434        320.75014954979230     
  -450.61728395061721        310.05847789813259     
  -462.96296296296288        310.05847789813259     
  -456.79012345679001        299.36680624647283     
  -462.96296296296288        288.67513459481313     
  -475.30864197530855        288.67513459481313     
  -481.48148148148141        299.36680624647289     
  -487.65432098765427        288.67513459481313     
  -499.99999999999994        288.67513459481313     
  -493.82716049382708        277.98346294315337     
  -499.99999999999994        267.29179129149361     
  -487.65432098765427        267.29179129149367     
  -481.48148148148141        256.60011963983391     
  -487.65432098765427        245.90844798817417     
  -499.99999999999994        245.90844798817417     
  -493.82716049382708        235.21677633651441     
  -499.99999999999994        224.52510468485468     
  -487.65432098765427        224.52510468485468     
  -481.48148148148147        213.83343303319495     
  -475.30864197530860        224.52510468485468     
  -462.96296296296293        224.52510468485468     
  -456.79012345679007        213.83343303319495     
  -462.96296296296293        203.14176138153522     
  -450.61728395061726        203.14176138153519     
  -444.44444444444440        192.45008972987546     
  -450.61728395061726        181.75841807821573     
  -462.96296296296293        181.75841807821573     
  -456.79012345679007        171.06674642655597     
  -462.96296296296293        160.37507477489623     
  -475.30864197530860        160.37507477489623     
  -481.48148148148141        171.06674642655599     
  -487.65432098765433        160.37507477489626     
  -500.00000000000000        160.37507477489626     
  -493.82716049382714        149.68340312323650     
  -500.00000000000000        138.99173147157674     
  -487.65432098765433        138.99173147157677     
  -481.48148148148147        128.30005981991701     
  -487.65432098765433        117.60838816825728     
  -500.00000000000000        117.60838816825728     
  -493.82716049382714        106.91671651659753     
  -500.00000000000000        96.225044864937800     
  -487.65432098765433        96.225044864937800     
  -481.48148148148147        85.533373213278054     
  -475.30864197530860        96.225044864937786     
  -462.96296296296293        96.225044864937786     
  -456.79012345679007        85.533373213278040     
  -462.96296296296293        74.841701561618294     
  -450.61728395061726        74.841701561618279     
  -444.44444444444440        64.150029909958533     
  -438.27160493827154        74.841701561618279     
  -425.92592592592587        74.841701561618279     
  -432.09876543209873        85.533373213278011     
  -425.92592592592587        96.225044864937757     
  -413.58024691358020        96.225044864937757     
  -407.40740740740733        85.533373213278011     
  -401.23456790123447        96.225044864937743     
  -388.88888888888880        96.225044864937743     
  -382.71604938271594        85.533373213277997     
  -388.88888888888880        74.841701561618251     
  -376.54320987654313        74.841701561618251     
  -370.37037037037027        64.150029909958505     
  -376.54320987654313        53.458358258298766     
  -388.88888888888880        53.458358258298773     
  -382.71604938271594        42.766686606639027     
  -388.88888888888880        32.075014954979288     
  -376.54320987654313        32.075014954979288     
  -370.37037037037032        21.383343303319556     
  -364.19753086419746        32.075014954979288     
  -351.85185185185179        32.075014954979288     
  -345.67901234567893        21.383343303319542     
  -351.85185185185179        10.691671651659798     
  -339.50617283950612        10.691671651659801     
  -333.33333333333326        5.6843418860808015E-014
  -339.50617283950612       -10.691671651659682     
  -351.85185185185179       -10.691671651659675     
  -345.67901234567893       -21.383343303319421     
  -351.85185185185179       -32.075014954979160     
  -364.19753086419746       -32.075014954979153     
  -370.37037037037032       -21.383343303319403     
  -376.54320987654319       -32.075014954979146     
  -388.88888888888886       -32.075014954979139     
  -382.71604938271599       -42.766686606638892     
  -388.88888888888886       -53.458358258298638     
  -376.54320987654319       -53.458358258298638     
  -370.37037037037032       -64.150029909958391     
  -376.54320987654319       -74.841701561618123     
  -388.88888888888886       -74.841701561618123     
  -382.71604938271599       -85.533373213277869     
  -388.88888888888886       -96.225044864937601     
  -401.23456790123453       -96.225044864937601     
  -407.40740740740739       -85.533373213277855     
  -413.58024691358025       -96.225044864937587     
  -425.92592592592592       -96.225044864937587     
  -432.09876543209873       -85.533373213277841     
  -425.92592592592587       -74.841701561618123     
  -438.27160493827159       -74.841701561618109     
  -444.44444444444440       -64.150029909958363     
  -450.61728395061726       -74.841701561618095     
  -462.96296296296293       -74.841701561618095     
  -456.79012345679007       -85.533373213277827     
  -462.96296296296293       -96.225044864937558     
  -475.30864197530860       -96.225044864937558     
  -481.48148148148147       -85.533373213277812     
  -487.65432098765433       -96.225044864937544     
  -500.00000000000000       -96.225044864937544     
  -493.82716049382714       -106.91671651659729     
  -500.00000000000000       -117.60838816825704     
  -487.65432098765433       -117.60838816825704     
  -481.48148148148147       -128.30005981991678     
  -487.65432098765433       -138.99173147157651     
  -500.00000000000000       -138.99173147157651     
  -493.82716049382714       -149.68340312323627     
  -500.00000000000000       -160.37507477489601     
  -487.65432098765433       -160.37507477489601     
  -481.48148148148147       -171.06674642655577     
  -475.30864197530860       -160.37507477489601     
  -462.96296296296293       -160.37507477489601     
  -456.79012345679007       -171.06674642655574     
  -462.96296296296293       -181.75841807821547     
  -450.61728395061726       -181.75841807821550     
  -444.44444444444440       -192.45008972987523     
  -450.61728395061726       -203.14176138153496     
  -462.96296296296293       -203.14176138153496     
  -456.79012345679007       -213.83343303319472     
  -462.96296296296293       -224.52510468485445     
  -475.30864197530860       -224.52510468485445     
  -481.48148148148141       -213.83343303319469     
  -487.65432098765433       -224.52510468485443     
  -500.00000000000000       -224.52510468485443     
  -493.82716049382714       -235.21677633651419     
  -500.00000000000000       -245.90844798817395     
  -487.65432098765433       -245.90844798817392     
  -481.48148148148147       -256.60011963983368     
  -487.65432098765433       -267.29179129149344     
  -500.00000000000000       -267.29179129149344     
  -493.82716049382714       -277.98346294315314     
  -500.00000000000000       -288.67513459481290     
