PSD @ YYE. Simulation done on 2023- 5- 2   17h57
 #            1
   0.0000000000000000        0.0000000000000000     
   286.44713532810204       -35.796256726888885     
   335.86704641728738       -4.4873741922883141     
   335.82040156102056       -4.5037236705097845     
   335.90705930222202       -4.5494834721458410     
   335.11261645751824       -3.9661705427567506     
   335.14756845994248       -3.4782410772116310     
   335.29215651584246       -3.5636836425652634     
   335.31014324069497       -3.6472203562076091     
   335.28075858831932       -3.5349280333978492     
   335.33231092176794       -3.4725234470697690     
   335.33086035264523       -3.4774090008929637     
   335.33515784183072       -3.4850829758112920     
   335.32894813351555       -3.4914734755253258     
   335.31149727213125       -3.4925433200862170     
   335.30850057097916       -3.5255389538348694     
   335.34794702077795       -3.5597642823949820     
   335.38198549122893       -3.5686355262139853     
   335.37306830247201       -3.5734480554487629     
   335.39171926258246       -3.5813650805680259     
   335.38234008228704       -3.5666209232090726     
   335.38260558967926       -3.5578063565493050     
   335.37970796960781       -3.5608208953202394     
   335.38545574180591       -3.5666664715302843     
   335.38689275878460       -3.5606938138661235     
 #            2
   0.0000000000000000        0.0000000000000000     
  -288.55691693124243       -8.2606915248897828     
  -245.67504412397173       -9.7538164548264437     
  -300.32865933073901        59.471142536689946     
  -355.89833968486607        41.777835930868463     
  -364.73599627743488        45.782902826936564     
  -367.49383154917336        59.221298546863906     
  -367.52195343592047        64.927968118417084     
  -368.48897084093215        62.138067721083047     
  -368.05833001409690        64.737964762747495     
  -368.46932182596015        67.087918747561247     
  -370.92189456920846        65.166985194562812     
  -370.90953500550222        65.195244237211114     
  -370.94214787962960        65.240369804584532     
  -370.90081096791272        65.212247399937837     
  -370.95969361904315        65.253217619353421     
  -370.98740079447037        65.283743165336659     
  -371.01296085673658        65.263681943294870     
 #            3
   0.0000000000000000        0.0000000000000000     
   150.18571117317882        246.53110451368983     
   123.65362777098792        223.17915776156869     
   182.34571295576637        275.09335267052177     
   182.71920642333166        261.51670717656089     
   182.39688702451733        234.36019248786025     
   224.11865275554854        269.30103278236385     
   205.24773447514312        252.10981196239646     
   238.22223097949086        236.23248754923981     
   289.55117042843904        225.19101592584292     
   225.14973555015189        229.80634725742067     
   167.55235189005703        210.02870935650031     
   92.097891172670089        187.85023870106937     
   195.51247127370925        116.91656169794148     
   208.08436298732090       -60.453099695170337     
  -17.088593485108618       -97.634235869298010     
   60.630897818497289       -327.48180630254990     
  -15.785171970293618       -329.87048546098833     
   91.131709616996957       -356.02545298774191     
   59.948461794633992       -349.53174471080189     
   72.096337532195136       -288.73409273536623     
   120.89266528342027       -217.76463748795175     
   118.54978605575435       -133.39598975966243     
   240.74063044956068       -26.175448039388286     
   325.20493096696924       -72.266061460021149     
   460.39413842842566       -163.96781631743056     
   459.96852501114358       -163.91995046693739     
   459.30107695274273       -164.39771715507456     
   457.67570954297071       -164.77497750867281     
   459.42861185526817       -162.37866756363158     
   458.50407354566710       -160.53886306038953     
   459.98295456861905       -164.01714113265572     
   460.90830616390951       -164.04261335618764     
   460.89795906827072       -163.99444851291867     
   460.89868219273313       -163.96031402142384     
   460.91510005749603       -163.96132007381689     
 #            4
   0.0000000000000000        0.0000000000000000     
   146.15940115630110        248.93927530015185     
   135.72878137509369        285.09241043040419     
   107.15514091901809        284.30977505592796     
   157.00930409809627        264.29660864376808     
   181.60145250386535        255.19697040286937     
   212.30805723898183        241.85935804892625     
   259.20331018355500        262.63087818119845     
   237.70933768387752        247.92331419795480     
   203.78166585757268        220.60887473697494     
   225.44318848813114        285.13639015836685     
   240.35294904499790        280.21329588294361     
   234.61499457616503        273.98200586412906     
   250.16340298773707        270.56736183638344     
   268.24995125970304        269.69088829042448     
   276.96475511091046        286.55664654733857     
   279.04263801073705        286.96943494579449     
   280.26015045213398        288.70924704962249     
   278.24696124107061        289.41327532030567     
   278.21673236066374        289.43504933587047     
 #            5
   0.0000000000000000        0.0000000000000000     
  -260.41458692627987        124.56956389643641     
  -333.76419902227019        22.816970897906970     
  -341.54246352806240        74.604501451609735     
  -337.71933830724424        44.178724523650772     
  -353.30441733941944        54.344010352003998     
  -351.00124721201513        34.796627412340740     
  -349.12847211339999        36.946840436992872     
  -350.18704820869942        42.426885817960745     
  -341.89038767816356        48.837675595760864     
  -358.57053367110393        58.936699800894623     
  -371.36746526265102        57.307743448904418     
  -368.94943783303177        55.318423402141740     
  -364.12642725882273        52.110519864860294     
  -353.45668520106312        56.305049315601629     
  -370.45913296872271        48.654347619660001     
  -362.71130944788490        48.397948075237586     
  -348.43260972200613        45.823205382361195     
  -360.86563716415515        39.031755949961905     
  -357.48875091641281        45.113933565017270     
  -344.72626918098064        41.391168624594314     
  -335.21486758908759        34.528378568572265     
  -327.65436059704331        20.692501668011616     
  -322.56229691737792        6.0448758559973097     
  -335.38897830384252        8.5360167316709425     
  -332.97434805555224        9.1348058403810555     
  -337.40339828374283        7.0299942198125143     
  -337.48379124315414        6.9941928575986791     
  -337.44758215425020        6.9918830705483108     
  -337.39550078246674        6.9469346435892660     
  -337.31862696970484        6.8342928725647258     
  -337.12371753993369        7.0052630399267661     
  -337.45034616184103        7.1229355882978300     
 #            6
   0.0000000000000000        0.0000000000000000     
  -183.51181238322530       -222.83794122446307     
  -121.03374997025736       -243.59914899294608     
  -114.53184203340220       -307.41084664613345     
  -145.19766123878287       -325.84926490276507     
  -150.25339681733425       -326.55499442395950     
  -149.52904143241048       -325.75497387859082     
  -148.47150432470607       -324.56507673129482     
  -147.30285385640715       -323.43247750975917     
  -148.78628186636479       -321.98415353701375     
  -148.81108872190410       -321.92476427261755     
  -148.81951148751898       -321.91462156902713     
 #            7
   0.0000000000000000        0.0000000000000000     
  -200.20377003852599       -207.97063205100463     
  -164.45918229239084       -280.32767163736690     
  -158.69816128887786       -273.89620507944346     
  -157.70614552652438       -290.65716389161616     
  -152.90500961448635       -295.42882856908733     
  -144.98097059662155       -298.61629686968638     
  -146.32914040951789       -313.32486115997119     
  -142.50678284779963       -309.40974103374072     
  -139.80868538259804       -299.13075372018932     
  -124.85490959346650       -287.23492387356202     
  -160.01822581223053       -273.78664488483196     
  -143.91393440632535       -276.34020905141023     
  -118.08341390922840       -277.80300714069796     
  -131.66536097640994       -232.20507628981832     
  -116.08860159681642       -167.61929262017063     
   5.7495067559665074       -216.28275833537737     
   159.20163116321564       -301.55784735134097     
 #            7
   0.0000000000000000        0.0000000000000000     
  -87.033802057983991        275.24253056652600     
  -18.854987929069139        308.09325491075288     
   47.141885211585844        406.27273408898230     
   91.679829140702651        402.32344844507395     
   116.27328119535005        395.43619795522989     
   116.23526552349790        394.63966580009179     
   116.05597210607695        394.24652435210766     
   116.36389912313618        394.00589308094737     
 #            8
   0.0000000000000000        0.0000000000000000     
  -284.85533027611621       -46.805706346749012     
  -340.83118042036904       -13.011656295702544     
  -340.12869265036545       -15.222728361825684     
  -337.71082006853601       -19.054747032027809     
  -338.55845896990331       -27.312831377266850     
  -334.97615908003121       -18.913533298236096     
  -329.69487585939538       -11.152857996440062     
  -321.26338855177784       -8.8657466214105405     
  -327.96024473750464        4.4285278312033913     
  -324.96380181961848       -1.7507778974336325     
  -317.05298021837496        1.4947085989958717     
  -329.72350196180196        11.826307221328644     
  -336.86747170869467        6.2879218536662638     
  -336.38288193456191        5.3889226734666646     
  -334.54893096903800        4.4967783326209796     
  -335.79191393472530        4.3116753375385146     
  -335.73429916827610        5.0572372909223482     
  -335.35314247698960        3.6133522319033200     
  -335.40385810435640        3.5772478364077749     
  -335.39307747658142        3.5693614462211749     
  -335.38969868579215        3.5650586015561947     
  -335.38885383626854        3.5665444070145038     
  -335.38684315718353        3.5692609073068584     
  -335.38491400151406        3.5757382932933823     
  -335.38571444579372        3.5624672963527839     
 #            9
   0.0000000000000000        0.0000000000000000     
  -255.40755888459014       -134.53740074026987     
  -123.00616419432191       -109.46512164086153     
   5.5802343476726151       -241.70734760931836     
  -108.69228226549812       -371.13387187992021     
  -108.04383339285123       -362.17939926238250     
  -119.04377053020224       -372.62356517929595     
 #            9
   0.0000000000000000        0.0000000000000000     
  -270.64924838728638        100.41074484700489     
  -271.32626999454106        96.386661773772744     
  -191.15471720995964        33.500174747723754     
  -176.14831477230655       -111.79892530717979     
  -12.054699728995018       -45.780148326838273     
  -56.258407581596501        238.73499518319903     
   19.824156637300518        332.28995103804857     
   68.772870046385236        238.98849887795427     
   147.26035495706583        162.45967492276208     
   274.94639500317658        164.25477150520749     
   181.06746278579382        252.78273104678158     
   146.71823340640083        242.37143557039718     
   197.09689411898469        244.36218359295762     
   164.31956871567695        214.49714077057428     
   90.574754044894348        222.83895986189128     
   7.6903154636724196        279.88763128357209     
  -113.43730539468467        205.60991216907786     
  -211.96532559279936        210.65226418970360     
  -277.09991673118867        253.60634832017192     
  -311.97406172815471        257.29603414786061     
  -350.28605872784192        231.10014388296025     
  -289.92524419247871        197.01744855908578     
  -334.53207063164336        113.28408234608411     
  -279.43756844885291        120.79340946402800     
  -351.89567267989247        199.62357393776227     
  -321.20779852690049        112.01656274129438     
  -381.24520895019623        140.99047173934107     
  -425.23871816616088        155.37054360715376     
  -424.89879534091983        190.60896597868216     
  -440.36424540888981        202.70202141312245     
  -429.82622371276659        219.45407044306407     
  -456.74988513860330        224.04991699598622     
  -461.26489957371319        226.51284474461670     
  -463.05420078115890        228.41886966788667     
  -459.16269254336117        228.55141919915073     
  -458.85410651287231        223.02348662974305     
  -460.67081149997080        225.16404834025954     
  -462.28328089387145        226.81050387690172     
  -462.72378745869190        229.15378600852904     
  -464.47599373676030        233.44466807135399     
  -467.11639829785781        224.92487495417595     
  -466.95891256280919        224.55545048425654     
  -466.94565491401573        224.52815392238867     
 #           10
   0.0000000000000000        0.0000000000000000     
   271.99696129037687       -96.700498355150984     
   321.60463665629658       -8.1846357968773873     
   313.35121897793613        3.4314784930775470     
   318.40343798967172       -16.203567262358916     
   338.63594053507245       -10.461805726859522     
   338.54563442936501       -11.094099709671427     
   337.56937104137120       -10.731481209737167     
   337.62051239587345       -9.0350275509411908     
   337.56110817815983       -8.2325153846477122     
   337.21595194717037       -8.5288238509709089     
   336.82429824615286       -9.3413195573034002     
   337.43221819747032       -10.872445026274237     
   339.30201138944000       -10.622054022649669     
   339.22566865958856       -10.741786394684125     
   339.00321816702046       -10.891217507662299     
   338.70303958772365       -11.334485487666434     
   338.33975734903373       -12.296908816006423     
   336.35672581697560       -12.366890192652185     
   339.49179446755272       -14.064346147753335     
   342.64994725637939       -15.248073716329339     
 #           10
   0.0000000000000000        0.0000000000000000     
  -277.35549692841420       -80.045372489143617     
  -319.83952393271068       -2.4082722206752010     
  -312.07044344468602       -13.700927160936184     
  -287.13523971772059       -17.767741944502813     
  -240.36776439937540       -1.5578758170071048     
  -329.04490932862370        26.395441543778183     
  -345.72954085124826        29.156863518273564     
  -341.95278672111868        29.867346443836393     
  -349.31804330371625        28.626753714356109     
  -349.80678796543339        28.591245513464663     
  -349.79898660570740        28.619376353921719     
  -349.79899812577912        28.669390505773425     
  -349.73549595560030        28.629463542783103     
  -349.76678855896438        28.734962702646730     
  -349.90213822472117        28.744590419788263     
  -349.90063311201425        28.721349842450984     
  -349.91279539095154        28.716837283230010     
 #           11
   0.0000000000000000        0.0000000000000000     
  -227.71955398941907        177.41797559490249     
  -228.77910838300497        179.96132503853985     
  -148.22938969446486        106.95149551240910     
  -327.81321262084344        140.31412020904475     
  -290.54114888972987        74.855140217593359     
  -365.55570291850239        104.18295419627466     
  -387.87377538750889        113.52669604980014     
  -381.86515843936905        130.54327746191251     
  -353.89198178976250        107.75470938465247     
  -341.04946733202451        141.47189055631728     
  -400.90587115617234        168.91452565492654     
  -354.24123739889137        152.42385870046110     
  -325.23668068219985        93.115325419318850     
  -277.06822018799943        69.673947477722976     
  -193.64048609346625        64.903854468174870     
  -327.68384192950310        140.79180246402223     
  -274.40375739116047        194.58293786552889     
  -264.24343787279196        100.61166538758712     
  -152.60224439124238        72.123531968539623     
  -369.93577308013573        88.019151968196439     
  -357.42033729942727        84.430499629551832     
  -340.40024037536722        97.328748253405138     
  -365.14085461093066        132.37678464293174     
  -407.71166674263480        140.03468092650846     
  -363.93914707969526        146.17397790805791     
  -388.46620410784908        96.016137025208792     
  -388.67021363230924        95.852382221504641     
 #           12
   0.0000000000000000        0.0000000000000000     
  -17.975987621275539       -288.11490277730007     
  -61.537200076621389       -166.63927246941660     
  -10.004101875220485       -319.24758213819234     
  -120.59211469921745       -271.67184753509412     
  -77.178241939838202       -293.07564300202444     
  -145.93269513239147       -325.86940866063327     
  -141.46069647947596       -325.63252545454725     
  -133.30908445111706       -326.78509743824986     
  -123.50287581036720       -339.45224705902211     
  -134.51983230453686       -329.70551925025251     
  -123.24749420384225       -341.45191281694611     
  -116.42359408029994       -330.33809737617025     
  -90.375805457837600       -331.59518562123952     
  -93.925406101583107       -376.06353892898062     
  -77.611796400485318       -386.42214940842285     
  -80.528594512046368       -353.01537214118849     
  -19.679232121768010       -396.72811307005935     
   13.772814123863796       -482.63881735649778     
   25.943527535512182       -519.06817794341066     
   15.278603994496775       -512.45319018180669     
   33.445795114023383       -524.45071732901135     
   40.541940364385326       -519.34865835617666     
 #           12
   0.0000000000000000        0.0000000000000000     
  -262.80090618770464       -119.45299092218079     
  -224.47615316758225       -4.8837237396999598     
  -168.69912271244272        88.725353303132380     
  -285.92136363822800        250.70949225175923     
  -317.60836247017397        228.26752054222669     
  -274.41665181611125        286.31949245740032     
  -276.18568556034921        287.87498899911992     
  -275.39424559388016        287.99269946502056     
  -275.84626718945742        287.48143223205273     
  -276.24171494067730        288.60772988672250     
  -276.18569573699790        288.64521646421230     
  -276.18737890997926        288.61534571819959     
  -276.14935218011010        288.66148331222172     
  -276.14358578801932        288.67385692279595     
 #           13
   0.0000000000000000        0.0000000000000000     
   193.38649236860238       -214.32451540293252     
   129.17432239491527       -176.84369628853312     
   12.030552042225551       -190.60173176599451     
  -179.33320369305852       -260.68391956333824     
  -147.09723100353636       -201.74776980645049     
  -58.420269007910491       -210.44983694298475     
  -168.44018684172801       -134.73922025909599     
  -326.29600372808716       -139.35684074894419     
  -290.05392247678930       -205.90042008006230     
  -365.94124194068229       -172.84337684290156     
  -307.81192028890570       -170.35843464575217     
  -223.24443937953276       -100.23300779928168     
  -195.51878021567910        42.556410617960594     
  -272.66284814005382       -79.315210031732278     
  -186.02302497002921       -47.754548111808774     
  -340.87701632264918       -46.722473687412325     
  -328.31617984368165       -60.034890791755878     
  -364.37797788392504       -65.970312915651860     
  -364.79181473185878       -72.219387806842917     
  -373.20508130211169       -69.421664503990371     
  -373.00831703100152       -71.118035200404222     
  -371.65841058208389       -71.739031281213542     
  -373.66346964728569       -73.784866971633591     
  -370.74298801064543       -68.462538669945417     
  -372.56768139898054       -68.642619529217896     
  -372.93216591470139       -69.496805105082771     
  -374.43932318471576       -68.544358456030764     
  -375.26205590160572       -68.657221829012016     
  -374.64348059887323       -68.501557090939059     
  -374.11372761683270       -69.084423490391146     
  -375.36776102515392       -68.531541255441212     
  -374.85705851946608       -68.199492124795015     
  -375.33626238933726       -68.121111691934289     
  -374.92920078360646       -68.131385351815254     
  -374.58889728699808       -68.373192021837497     
  -374.55455018808044       -69.031568258019362     
  -374.30957427595064       -67.996764443815067     
  -374.23820052226813       -67.723073913879844     
  -374.24089096013921       -67.731823042557949     
  -374.24605329761039       -67.748965175323718     
  -374.22853107623530       -67.718615483490950     
  -374.22425120581300       -67.720545755478184     
  -374.22990972444052       -67.723991869280155     
  -374.23931694608370       -67.720395001818247     
  -374.23617969702912       -67.726058689088973     
  -374.24253190514025       -67.736402094964646     
  -374.22742596467072       -67.753052453825930     
  -374.26198108480793       -67.734687907192466     
  -374.25570481921477       -67.714891560765778     
 #           14
   0.0000000000000000        0.0000000000000000     
   173.34595058087498       -230.83438814558411     
   214.97009682580523       -190.67243601194610     
   120.75838521059873       -163.67831954080731     
  -3.0573786497390216       -212.68271423736394     
  -25.696632728671624       -390.93682029740239     
   59.820746814755331       -386.59493752923663     
   10.597298199224234       -401.10788970862268     
  -13.295502135836561       -489.72590613714829     
 -0.14490115328021602       -519.22537312067425     
  -31.778106254727472       -523.16573555908678     
  -41.311923961409228       -522.91494161445644     
 #           14
   0.0000000000000000        0.0000000000000000     
  -263.41009866994631       -118.10357002234308     
  -150.96429242136804       -158.86868810019263     
  -274.37327492439999       -115.66566568200437     
  -288.70615669879595       -7.7193115078632388     
  -255.56933845100141        23.153393928140481     
  -332.38822129191487       -2.9651395208300180     
  -332.40363920522316       -5.2661486652464990     
  -329.68016582332467       -7.3647200413495622     
  -333.03246394936468       -13.349819710765654     
  -340.36057996112277       -11.225112295843802     
  -340.16458122868391       -10.728983867158318     
  -340.15287853467919       -10.764413351750230     
  -340.09193167070458       -10.724703973717814     
  -340.10926120832869       -10.696582426351309     
  -340.11413049673450       -10.697219402404857     
  -340.11301484019941       -10.691784989021029     
 #           15
   0.0000000000000000        0.0000000000000000     
   196.98431547377155        211.02254095395355     
   207.84332627845134        204.69024944224037     
   132.39830481431278        241.58888993706734     
   144.87230690353641        298.47328438660855     
   148.30676012616755        284.92647009650801     
   153.63419456657203        267.96915602098295     
   130.26188959001252        275.20229073715882     
   148.23094466467407        241.37753803510591     
   196.20833829150851        257.96392362194666     
   220.61718938171231        276.60223008675615     
   241.46749863142938        287.37148942764316     
   242.70934822068622        287.76810047079204     
   243.09823489644327        286.94866282486839     
   244.25744479184877        285.66923436230815     
   243.47716899366642        288.57209603426963     
   243.51310790669658        288.47552823689887     
   243.39230214710352        288.63442652691123     
   243.36263454532840        288.66230089142778     
   243.35012328828961        288.66515963064052     
   243.34589000101224        288.65612751078595     
   243.34355573725105        288.63726430703099     
   243.30773608475781        288.64955703626202     
   243.28276714020521        288.64401056807475     
   243.27622164209532        288.61358259583062     
   243.26074684347873        288.55400760790371     
   243.20453286989064        288.66130036689117     
   243.19740888913535        288.64944141413855     
   243.20208605438899        288.62417753362990     
   243.16382818726399        288.59051809680375     
   243.10597143983549        288.52877225878751     
   243.19608009352189        288.64410813324832     
   243.22537336249786        288.63388337359737     
   243.25024425974883        288.66679388440627     
   243.25838844750922        288.66859378879565     
   243.26308443210181        288.66404078187037     
   243.25683583641680        288.65487411739690     
   243.23844962575376        288.66338494594521     
   243.24607569504704        288.67232347578226     
 #           16
   0.0000000000000000        0.0000000000000000     
   99.585185129966263        270.95409986926512     
   33.168267370088387        262.48437718640696     
  -13.941362512390910        382.26138185794480     
   36.254686974653858        313.08316158314187     
   118.29946344471276        254.63308686874811     
   168.79771357494275        285.42552254185148     
   172.00371750486514        284.89494050665354     
   169.25638209103857        282.29840137386742     
   163.98032371580075        285.87973277324858     
   160.15795581108844        286.52797145976655     
   153.57251962771949        287.81639261049270     
   156.52144237601442        299.21019559171367     
   153.38299814497566        296.77000388166130     
   151.47552045951599        304.09590319091342     
   150.63750563135739        310.64927727177178     
   152.01295596860771        308.10236076390714     
   154.60750490158608        306.54617300548983     
   151.09591008590050        306.47555070496708     
   149.70967302427556        301.85853441705655     
   143.76030640723855        311.19190072112303     
   141.20101205507140        319.65708545265045     
   146.09237073697511        314.60415568259054     
   150.80218279103173        313.43253292026782     
   152.15587295482416        312.85060368353243     
   151.67817905765207        312.88570011747294     
   152.55072224547507        312.95291528325674     
   152.53966669539756        312.86775377021485     
   152.59704810111319        312.99329262818105     
   152.62088947002152        313.00252929308749     
 #           17
   0.0000000000000000        0.0000000000000000     
  -281.11273152621158        65.642710998293083     
  -275.40288707401919        54.632152900699289     
  -198.06960800681057        49.780563293629598     
  -94.417049637529502       -50.371955469219401     
   110.57221613756757        82.284463258987742     
  -88.573249720967013        160.28946324361334     
   45.767146216141001        92.953585748668957     
   110.63883687233491        313.66897370181493     
   109.54553712929888        277.66096326674023     
   59.080966161411865        299.46980375535645     
   19.818082291842217        381.35200585337782     
   94.289810834034824        434.27618081033700     
   59.717085185686173        452.87012029536982     
   51.132285201789607        479.78948345544654     
   46.645518890828498        479.46429954385434     
   38.099544387052418        479.34692604860260     
   53.964670463665485        481.71178637312943     
   53.860106611733272        482.79119947544291     
   54.347702176115789        482.38392217313731     
   54.414834059665729        482.79516158601939     
   54.415677584987925        482.94808442300427     
   54.368771926644648        482.88862534945241     
   54.495130870500752        482.81531758690380     
   54.424109678799738        482.83348529585129     
   54.358198902627983        482.94055489808858     
   54.237117123320871        482.98584821834538     
   54.175602036696041        483.18819343825749     
   54.014294481880732        483.16096034187160     
   53.714263281195748        483.26298454986420     
   53.239367323275360        483.48850930978392     
   52.522368168279435        483.89505098627984     
   53.727735625301179        483.59602784116817     
   53.540061471744707        483.88853458330345     
   53.587698557952557        484.24921629493355     
   53.610201732938478        484.38964283731008     
   53.632706814423244        484.34219273940028     
   53.625676830120589        484.28587818435682     
   53.556326342515426        484.34479318324128     
   53.628941210796178        484.44232965323062     
   53.638881942896667        484.44259607271601     
 #           18
   0.0000000000000000        0.0000000000000000     
  -281.88742747996383       -62.231917550895758     
  -215.14663803339727       -97.890411240084376     
  -365.18006340809313       -78.370636126087803     
  -369.70615259318714       -89.056895083359024     
  -380.91144676227452       -82.409533385837506     
  -379.40190024578158       -79.673598071639873     
  -375.66414080286410       -82.735685305936343     
  -375.64107099944721       -90.322248429620487     
  -381.18430140075338       -96.794449569052304     
  -388.13177469194466       -97.159757076810308     
  -387.05094236156719       -97.687687280387706     
  -388.32206146266873       -99.662940809325789     
  -390.42776339292038       -96.886893036593762     
  -390.08982843113347       -96.317821016611504     
  -390.15641619908189       -96.253218512952088     
  -390.13673933586716       -96.273382230279807     
  -390.14838415601480       -96.226468489734472     
 #           19
   0.0000000000000000        0.0000000000000000     
  -273.79843300674298       -91.475414272827464     
  -342.83417430816218       -160.03680492653129     
  -341.39642250243702       -231.81283932854473     
  -352.30624835928580       -287.61872004663303     
  -320.10073094759315       -287.09945558715719     
  -296.84756652181528       -321.13341888005795     
  -296.72638239358832       -321.79140106042064     
  -295.94570760936278       -321.35762825501365     
 #           20
   0.0000000000000000        0.0000000000000000     
  -251.41312514930141        141.86181246549424     
  -393.47624121453725        170.15264537379505     
  -448.57730269809531        162.48408692498765     
 #           20
   0.0000000000000000        0.0000000000000000     
  -246.27794533566140       -150.60048796261691     
  -119.95596098890691       -206.34422584683227     
  -96.012726578910531       -297.92473734447884     
  -86.893121949208975       -353.74803314385093     
  -112.11370813558891       -418.59370060695261     
  -111.97607407752271       -434.57159390661559     
  -113.24502257158227       -459.46478712140407     
  -98.641961820683520       -482.36414311648809     
  -94.025072133457940       -482.51786279950016     
  -93.736391348013669       -482.05648940455563     
  -93.960873856431618       -482.53099457827545     
  -94.213951478845900       -482.94130422644531     
  -93.761149289364781       -482.73861373378742     
  -93.605774386527585       -482.87281066257378     
 #           21
   0.0000000000000000        0.0000000000000000     
  -272.46066710886021        95.386153145664721     
  -272.54860261179959        100.40958231949551     
  -210.33009987463535        18.518559866864209     
  -113.16256400587045       -59.142256984556141     
   100.84526179420621        19.430160082746568     
   308.43026191212584       -87.043790979786877     
   152.64480422028231       -156.32147548521331     
   282.08974638434916       -187.27483805387141     
   192.58330037183958       -235.12052055568802     
   139.32543757775869       -229.49053516614339     
   181.43242893737471       -279.26362926592225     
   188.78816433692049       -272.91332279575784     
   198.18186651074819       -287.22707334326594     
   200.04529091483283       -288.00365880367815     
   199.42124296241053       -288.25153758687179     
   199.28596175828733       -287.81668040712549     
   198.59177112181561       -287.22798808879850     
   199.13262187543214       -288.89985435434937     
   199.36698698547792       -288.74226153984483     
   199.45486677538725       -288.87387118541704     
   199.43882963037572       -288.87073005270355     
   199.45775591618406       -288.89628587525408     
 #           22
   0.0000000000000000        0.0000000000000000     
  -263.48814770911662        117.92934049740155     
  -264.96937552194731        117.57494062183392     
  -261.20253808447717      -0.35731150016309243     
  -192.03701530046470       -20.829481701555974     
  -331.05406625382466        11.923782896525122     
  -339.51564933173790        10.758529417227148     
  -339.57248304078666        10.793741493741059     
  -339.61143010814385        10.699394376102163     
  -339.61909680258066        10.700322960630004     
  -339.62242972516412        10.708306492051035     
  -339.62207762142049        10.691675378504566     
 #           23
   0.0000000000000000        0.0000000000000000     
  -140.44748215876035       -252.20594380108895     
  -111.04054320562031       -230.63666429167245     
  -30.893915395550266       -224.37186604223160     
   103.75349354533540       -289.87325286007490     
   88.082532192205719       -341.42954824746562     
   96.769979164646671       -382.19274399849508     
   90.670843880043321       -368.93382922152813     
   67.676416995103651       -357.48945066915053     
   52.898418811623266       -308.34225470509256     
  -13.063284173112216       -249.05092551441550     
  -106.25559790976988       -127.79132027492334     
  -27.165733162264360        24.779621364330168     
   251.73478424256047       -81.596380361155568     
   240.07261217646985        29.256460235462768     
   291.42757681748617       -53.907054498628568     
   235.14742396811874       -25.054472196112215     
   335.11139375864173       -41.649776309605066     
   322.64919575635037       -26.932219065454998     
   299.15158734749724       -23.928076354808617     
   265.55233909328871       0.97169325244008675     
   329.59097431630028        23.203664976060843     
   325.80058468526136        8.8529866297203732     
   314.85977512019610        8.4033516003281896     
   296.92472000836875        17.901902506051890     
   336.75314718958646        25.632466900286982     
   341.41169706544201        16.913290724683037     
   345.87649106446736        12.580375027825546     
   347.19902784544422        10.282942313263078     
   347.44978382908573        10.209789368976299     
   347.44299328954725        10.206674070229417     
   347.44574947824657        10.195206463820659     
 #           24
   0.0000000000000000        0.0000000000000000     
   262.06973331231399       -121.04870183089930     
   332.78377345509460       -220.75953087595838     
   265.10752224485725       -226.45639410279938     
   224.65103164375009       -273.72630035037992     
   232.74372303007922       -253.30927974944623     
   191.94529337731493       -253.07024674704823     
   168.33657154448878       -226.41164257162967     
   136.32424811175306       -279.81532771936946     
   109.24652011967981       -294.29736190214578     
   69.065669865687198       -318.51777353140903     
   41.460542221302617       -382.41316686890013     
   22.603995193208071       -449.50875250967283     
  -22.626448258115303       -443.21481848239495     
   5.4490511594538695       -484.84763379661302     
  -35.751775424334170       -478.50094912884879     
  -41.138972023692162       -460.84167588565458     
  -65.643621118129374       -465.17554145444143     
  -64.851784100862901       -449.24552645760201     
  -60.405660146510471       -480.81366099037467     
  -59.768061231178514       -480.34349481537913     
  -60.442213721685363       -480.75102728635983     
  -59.884088255737616       -480.10308785020317     
  -59.863879582607737       -479.05912703370399     
  -60.552448294520758       -481.01665554244067     
  -60.529606575777109       -481.83416639188056     
  -60.904152024351177       -481.94030175329937     
  -61.564533943647092       -481.95692674606420     
  -62.273598185594608       -480.95899904902546     
  -62.250975790268669       -479.56628461141690     
  -61.669739580393028       -481.67549823036620     
  -60.273267567690169       -481.26338842688421     
  -59.995227415727449       -480.90615159869333     
  -59.687128014051531       -481.14767285071258     
 #           25
   0.0000000000000000        0.0000000000000000     
  -210.24305354020365       -197.81605539344983     
  -224.50226813231677       -287.54925478216904     
 #           25
   0.0000000000000000        0.0000000000000000     
   45.622888517621874       -285.04716342500586     
   49.155899818241352       -284.22253868693031     
   147.35254953866138       -249.98676302420091     
   185.78046266953862       -230.15949120920328     
   194.85660994838122       -172.35201702632105     
   292.37491327618750       -108.84226741478656     
   203.56512853595916       -94.934584710354983     
   385.50438018868658       -161.51918786737360     
   328.91444700079325       -126.47305646474453     
   335.98570685752253       -59.783504253234739     
   348.99078588345952       -30.622522519044786     
   350.29150066098919       -31.795521632581874     
   351.48593234448242       -31.998508286396820     
   351.48684621870672       -31.719867530204809     
   351.56982207396783       -31.608936516424450     
   351.57384003801457       -31.619397129066670     
   351.56494459893338       -31.628817264738753     
   351.58023413283956       -31.608571935230639     
 #           26
   0.0000000000000000        0.0000000000000000     
   274.13215583120530        90.470406612710249     
   280.07561419409018        89.426022355785534     
   344.72684944834646        153.23287719192518     
   273.52010141709872        164.62487916630874     
   401.74887574526258        169.13417983544832     
   370.38802748559715        208.68149211036260     
   319.15770394274801        264.56767345884049     
   303.33950948248673        219.36532068978488     
   371.21734885224339        248.51753079102141     
   399.04589386829355        214.59867832194851     
   375.70968402655177        169.79901670203824     
   321.70706434949466        219.39334864595520     
   399.09174228380652        192.16542724225320     
   397.71702015378673        146.83267125865299     
   382.56633101279687        195.11919596026064     
   340.06645343728587        150.06605560361595     
   267.44544953855279        147.12081647433948     
   204.23030002546369        261.70893381365954     
   190.46134620067957        238.51692659508242     
   225.71369999801243        202.82489087550559     
   302.32879588571086        244.37249468447231     
   352.95091452320185        246.06881358525112     
   336.08412577866227        299.19458914594946     
   319.92612135539218        262.08955685217131     
   277.31386935562881        287.92503226400214     
   277.26006742763821        288.67320260505574     
 #           27
   0.0000000000000000        0.0000000000000000     
  -135.48884429709008       -254.90411217626959     
  -132.14011555895081       -288.50869476603128     
  -102.94867406975673       -295.35744747190847     
  -87.634043368305427       -245.83095994574634     
  -166.94137343314327       -288.09569335685740     
  -167.50376721941541       -288.23521173344591     
  -167.48038403072536       -288.67451271277559     
 #           28
   0.0000000000000000        0.0000000000000000     
  -188.28549547693490       -218.81934449755229     
  -215.09320720231409       -283.32653791163210     
  -218.99578450611273       -279.66902825789111     
  -215.01223442005076       -271.59182081572533     
  -198.57963365914119       -259.35694816130501     
  -175.16126243962640       -241.71790212205084     
  -128.29735383167210       -238.74712393063714     
  -134.12291462847998       -301.44539549943261     
  -152.56586397713980       -289.82489847123708     
  -142.25109344362667       -284.43788096936112     
  -143.48532934658920       -261.20547343705709     
  -158.89918873418708       -293.67653167125229     
  -161.44469988611476       -290.30298402683133     
  -158.34438364413560       -288.26816192906779     
  -151.08735970180263       -289.76998874251831     
  -157.61084382796710       -300.96219617057454     
  -154.43071448997159       -300.09985093856301     
  -149.11679226599816       -297.08971466696158     
  -139.31410463123621       -290.88251045030029     
  -120.86494226610651       -277.45893679801327     
  -161.30066404405494       -257.07866040048401     
  -162.10986429237488       -289.11733017026199     
  -160.90152647132533       -285.59353952300592     
  -155.98224404891792       -289.89330772982618     
  -151.81964075406245       -282.09904446177569     
  -154.18317835246754       -298.07106011832150     
  -148.59465446036060       -294.86611907140463     
  -145.91094160407476       -282.43051770675709     
  -163.98304987698234       -271.51149260644939     
  -180.08948739079520       -278.02110672652077     
  -170.69262384529091       -283.15603609242061     
  -165.53834830877665       -281.18072321707234     
  -171.79561344145137       -285.45692916101046     
  -168.46400413154973       -284.92321130913996     
  -173.39106687249446       -279.33877289568392     
  -164.03387259770901       -280.70945123886833     
  -172.12930409947191       -282.91120161912858     
  -166.37635813791107       -284.30477715401435     
  -169.62568276306010       -287.24181523388523     
  -168.63823065086527       -286.20290103312942     
  -170.43124998119302       -284.50083744307608     
  -174.60436040261897       -284.40130794200053     
  -171.63216081720245       -281.31629065208602     
  -175.40052132285589       -288.43050160191308     
  -175.30369785249371       -288.20584516020227     
  -174.90787748487909       -288.45795388678391     
  -174.96387703609250       -288.66779075247695     
  -174.96792779424717       -288.67391638539345     
 #           29
   0.0000000000000000        0.0000000000000000     
   277.68537526138834       -78.893381847118732     
   210.83768418844303       -22.218679074076952     
   174.78997960474703       -141.37998467900678     
   121.82776577585206       -3.9359411737962375     
   283.69915582834193       -140.12606498316268     
   346.85134030071413       -45.236755231550489     
   343.13602046964149       -31.656146944959623     
   345.32053238217111       -38.662171997957962     
   351.17694857739269       -45.855999996474679     
   343.58691278039942       -34.333743284173920     
   342.67545183137423       -42.570477845828563     
   336.61680154829480       -30.014450792004531     
 #           29
   0.0000000000000000        0.0000000000000000     
   20.172067959480746       -287.96947929871220     
  -80.978499564355033       -365.12978562192876     
  -80.244292058655802       -401.10309789478458     
  -115.10485062181498       -401.29425462089233     
  -109.18640749669984       -402.79022037918486     
  -117.35705540690704       -395.67493841482195     
  -117.39230929447822       -395.59970103448916     
  -117.38513566688815       -395.59651350260020     
  -117.38047367282297       -395.59657435442170     
  -117.37600478223766       -395.59810341997996     
  -117.37371961363405       -395.60392315939885     
  -117.38333572290144       -395.59662488664458     
  -117.38748380785289       -395.59426219300741     
 #           30
   0.0000000000000000        0.0000000000000000     
   250.51405230965003       -143.44351825276485     
   160.98967238863946       -31.363382525462896     
   10.743744023670757       -121.43091408377094     
  -169.64103851430110        19.082136301623251     
  -296.94054964021149        123.74411495700173     
  -391.62248913382746        139.46437713830872     
  -449.37781356816851        92.655799064430440     
  -450.29298028779351        82.717384531837027     
  -452.63241003595630        89.400926262525445     
  -446.83274778969633        87.145618443781586     
  -436.75484502879641        87.575200567196234     
  -435.10521459130314        92.384239512109133     
  -438.91064807477375        87.697277507377891     
  -438.12389551232530        94.801167099501484     
  -432.26185793622045        102.76996670467823     
  -436.73326046815367        110.70637620298464     
  -420.50384137462913        118.65077001980097     
  -401.37132270334985        106.87928938201728     
  -399.12756885672314        117.29548815034772     
  -403.58544417080316        137.88895623922957     
  -362.16452863519828        126.93061014758997     
  -326.77559797405502        147.04644363658682     
  -327.29110669017223        227.29985311021198     
  -380.04327141916355        168.68497416547351     
  -419.63684538075802        112.60787807652386     
  -419.28228232688645        96.228882103648175     
  -420.40108393039100        97.030151180844044     
  -420.25496933180142        98.646878051297890     
  -419.70434778167856        95.821565940639601     
  -420.88132181512259        96.811599593264930     
  -421.10854948027787        95.736352141225737     
  -421.29051777046993        96.051295910681148     
  -421.60587679168646        96.232308127713338     
  -421.54987541960173        96.060175362491975     
  -421.46362628476561        95.945555432646174     
  -421.62312626710519        95.924917844856935     
  -421.61496769916226        95.915606775511137     
  -421.60436911292123        95.925922127676856     
  -421.58169949125659        95.944209169616983     
  -421.54239035571908        95.901695175204253     
  -421.50052191367922        95.844740860773001     
  -421.52301837097104        95.919916722121783     
  -421.57364027816152        96.002161394860522     
  -421.66244925242802        96.032529544856814     
  -421.68716001651950        96.011992439746251     
 #           31
   0.0000000000000000        0.0000000000000000     
  -184.26966770279100        222.21166238079479     
  -174.61811071037488        207.03329437704389     
  -108.11779942436659        254.39465703699841     
  -161.72508185027615        212.80883892725026     
  -159.35014775724818        136.81888059807761     
  -58.966114206984145        22.639639336575371     
  -80.388197319288608       -263.56900499924143     
  -166.88073871132337       -275.21005368140135     
  -169.17349225400841       -261.94160670380728     
  -193.77118083635779       -272.41229101310313     
  -186.88831095034632       -287.14681453764899     
  -188.01680510227723       -286.11615302862322     
  -187.43451682685208       -283.62430090211149     
  -193.73367873682082       -284.73127614400579     
  -190.25236698151613       -287.27304712138056     
  -191.89711840285631       -287.96811619455838     
  -191.31427616895945       -287.56790381508392     
  -190.31759467707974       -287.08365188009992     
  -188.44744177977202       -286.74037358697194     
  -186.18658860917174       -284.07516515541073     
  -185.85152165103432       -277.16204718092649     
  -194.53629488988099       -286.51338245043195     
  -196.82733826418664       -287.06309091594460     
  -197.08381889791275       -284.97348455394194     
  -198.86742151049154       -281.35203407016070     
  -203.90083393410941       -275.98430808841931     
  -213.32179355097367       -284.48968624818008     
  -212.97442622933499       -274.07324232038394     
  -212.70659678742874       -256.77902879298341     
  -245.79450570195112       -254.88062607944900     
  -229.29065084467172       -225.39009233309477     
  -279.85397985042522       -180.50596427131717     
  -302.88298096967958       -286.21568535206393     
  -298.89128494694398       -308.83768175252840     
  -306.86293645856341       -310.77447516688483     
  -304.09321220379775       -324.63934969084744     
  -296.89936276637411       -319.72342600576923     
  -297.28385447727885       -320.68503981645728     
  -296.87055924278479       -321.58431590717970     
  -295.96183519539227       -321.48250578676482     
  -295.90053290218765       -321.43669853030440     
 #           32
   0.0000000000000000        0.0000000000000000     
   64.980784018711361       -281.26647692472511     
   62.847169766634849       -274.17169724556055     
  -34.263379060424000       -277.33451258062513     
   31.537866202429484       -176.58388239484898     
   204.74016670093584       -205.31025767410520     
   222.89030005553172       -286.67533226520436     
   206.47034840890763       -285.54463372688775     
   205.11100624061183       -281.59412142107146     
   200.74358677250979       -287.34276432063751     
   202.07181939831756       -287.23784225791462     
   200.75601189212856       -286.65951720367332     
   200.00641318750107       -284.78847063838288     
   198.88454189115964       -281.06723945708580     
   205.64393446664334       -285.94859027266142     
   208.94020372049246       -286.52578032822612     
   204.90320719797126       -290.42071118292370     
   204.79428520660031       -290.54599506713208     
   204.79092013564281       -290.55438654417765     
 #           33
   0.0000000000000000        0.0000000000000000     
  -221.04017933346114       -185.67329493916102     
  -246.70458641826116       -85.920013381939626     
  -142.78428982985631       -30.058667358898440     
  -146.59058256788455        162.80909458973647     
  -56.490173725266672        72.657968663911319     
   66.149086740990910        281.85138960724413     
   104.40092272253744        363.82875314026779     
   89.664572779377252        356.75334846998027     
   146.94052640830705        318.90802364975951     
   147.15124106853136        320.86359813187306     
   146.15403533708275        320.97439089035748     
   144.76180913346374        322.41954703418105     
   147.15958096501657        325.33585808190395     
   144.61678853318824        327.19334902937817     
   138.83139934585617        324.75086080213759     
   133.45755725179671        333.34907689140692     
   133.98089755569606        314.33438887884159     
   150.31589466049184        312.20196377144180     
   143.00994913948114        325.56739515541329     
   149.84735845746934        326.10400141625053     
   149.78893974872815        327.92855653367894     
   151.47616355358414        326.11784781073175     
   151.79381313200912        324.58870605088788     
   151.60831341630717        324.38614435692313     
   151.67610258346286        324.41071370027936     
   151.58680103531108        324.44774096620432     
   151.58829432436113        324.58143349261934     
   151.80937022725215        324.43101849538613     
   151.79737423376147        324.54738017742307     
   151.72539174627929        324.76933988788079     
   152.05802990734639        325.08022531747122     
   152.81068125707213        324.93685261191644     
   152.20732142565942        324.78241058911499     
   151.92822735046150        324.40627575698738     
   151.83771554334734        324.42402481693716     
   151.79085253083772        324.32452358105394     
   151.78400996359804        324.33246603919582     
   151.76630555368388        324.33757182925319     
   151.78806976248939        324.32862412114116     
   151.78904629040059        324.34317541166155     
   151.80689419635397        324.32014676388172     
   151.80276930132007        324.31564381146086     
 #           34
   0.0000000000000000        0.0000000000000000     
  -288.61106741435452        6.0815375753377356     
  -252.92286861801080        6.4248043361314435     
  -333.43184951337253        11.467119447464247     
  -329.85394993462046        7.0966189432414390     
 #           34
   0.0000000000000000        0.0000000000000000     
  -243.19830283513556        155.52465666717620     
  -232.44796089101936        22.808870415341516     
  -209.97577758913243        123.76977334362670     
  -310.37168019446807        254.74221250648449     
  -307.53434410332159        207.77674433989225     
  -222.09036235108539        219.14902501034192     
  -150.23241848507232        222.04471724470193     
  -109.25243581261113        166.99621090975231     
  -95.676462797881143        300.85377450038737     
  -54.509308246900844        338.99048764900164     
   13.456918457068568        362.67104560569504     
  -36.641368383917325        281.14870757291169     
  -26.942378473805270        397.11223598610047     
  -104.11887102273474        361.37291763476583     
  -94.415056623890493        376.31801380710857     
  -113.14687840921390        377.55521036889928     
  -111.08556518650833        377.90493642898741     
  -109.80354050033759        374.10097213425456     
  -103.56328469971254        372.11469299839632     
  -91.760686046384166        377.47520551066737     
  -112.43802345038243        376.05502727840707     
  -111.57752762099864        379.21471164670686     
  -113.64214773854701        380.87914568205463     
  -113.76574916257177        381.31926227808520     
  -113.77638023490755        381.33256214530337     
 #           35
   0.0000000000000000        0.0000000000000000     
  -288.54979286238256        8.5059022101990074     
  -269.47866638622600        37.292420405363593     
  -311.92817039112981        97.840307817366124     
  -361.48719456322925        38.938148356052210     
  -366.62050396704097        34.382741168361882     
  -368.40511883737480        31.552273239269645     
  -370.63964197493300        34.531851102519830     
  -364.78377337410484        32.099194616097151     
  -364.57297035695149        32.574320386966129     
  -364.63242078331183        33.196193665003172     
  -365.07428376154309        34.314642613335963     
  -367.07277936053680        35.652791720081112     
  -366.63104495770699        40.221425127782005     
 #           35
   0.0000000000000000        0.0000000000000000     
  -79.583299139938248       -277.48843549116862     
  -77.299892812399449       -288.43961316203269     
  -11.070288167134450       -328.70990567809764     
   95.765051334012298       -370.56349998778524     
   105.51097728063193       -352.57562162627619     
   85.049928105582921       -357.38268316538677     
   53.153079212060575       -374.95957700818053     
  -3.0033204518138774       -357.51229024196039     
  -93.151779994084052       -423.16780120026505     
  -58.463369426916110       -423.59985398605431     
  -111.90928216019130       -460.50992585248775     
  -113.82279032617873       -487.62707415451683     
  -113.48680050928168       -498.12734414321653     
  -116.48995016206220       -503.08663444822906     
  -116.17893244779265       -503.33591920515926     
  -115.69429805221684       -503.09035406345254     
  -116.38401104958817       -503.92894087583181     
  -116.45092476084285       -503.94651835463691     
 #           36
   0.0000000000000000        0.0000000000000000     
  -241.26593014112012        158.50578628704221     
  -132.76740512373377        230.42330367968674     
  -200.04697397079639        234.41020145539855     
  -220.48596048381987        284.67878805722734     
  -228.91557638802945        298.90024097170738     
  -230.10233281870975        293.35424525401606     
  -229.93598550616696        300.22580826151022     
  -232.25690476249116        296.12631297764068     
  -228.69706520578876        296.79244643411920     
  -234.81816718446794        298.69669292207192     
  -234.77069577027956        298.80507228041347     
  -234.82748342457472        298.71646646190459     
  -234.73320506983518        298.75088665096308     
  -234.60651865158454        298.64548073139827     
  -234.89361723290506        298.48848793006317     
  -234.87828583182960        298.64481878130914     
  -234.93612854444387        298.57302929417210     
  -234.94579368537396        298.65042239093634     
  -234.94658522130945        298.68133972574003     
  -234.94092393506551        298.66768337085279     
  -234.93690468515061        298.69389126838769     
  -234.92566428050031        298.70649933986215     
  -234.90545623584109        298.70435434194223     
  -234.90675841990705        298.66548140042590     
  -234.91715702226054        298.60923099068191     
  -234.90621415637642        298.68476569237174     
  -234.95001733536569        298.70447409269866     
 #           37
   0.0000000000000000        0.0000000000000000     
   40.881228975603577       -285.76574051271018     
   40.438491938655979       -288.64125052679276     
  -45.413960421968191       -356.34076958094118     
   26.222303003091845       -356.30521971182810     
   115.47149266539111       -363.94482766043097     
   123.16348638267297       -366.13146546184731     
   126.85714584574922       -370.95392599094066     
   126.08530819596736       -370.84914750387196     
   127.13773913486472       -371.91897141721108     
   126.24013692596667       -371.44883209652482     
   127.37811041042454       -372.50937385763496     
   126.39316347758970       -372.99983541333614     
   127.00926426679978       -374.03969539207202     
   126.84104150538123       -374.02559807520663     
   126.76593374124384       -373.85882039639432     
   126.54118715052269       -373.59092068407983     
   127.11036567601242       -373.83060727499685     
   127.18124982453602       -373.45941426536342     
   127.01748740601025       -374.19038827723688     
   127.02487924482624       -374.20693149691391     
 #           38
   0.0000000000000000        0.0000000000000000     
   6.3748929779334276        288.60473674708328     
  -10.952847201359059        150.83822197029272     
   193.98604233844938        115.54148545649885     
   20.859493045515819        113.97355884140292     
   125.19560184702745        316.19707095182014     
   102.82629770510029        309.32945574489645     
   149.55334491806434        308.28761443038320     
   149.82947037093294        303.20921611829016     
   142.45100302299693        306.76510335373860     
   137.46138316412072        295.93262425537728     
   125.28323577504344        315.52136395132641     
   139.42055556569792        296.80557901450754     
   120.79065824345309        289.69297534145829     
   83.968204101353479        275.29663576878590     
   111.73314477577178        202.06959054224404     
   165.11862408408822        289.63786497425633     
   165.86403261238002        290.06533023368019     
 #           39
   0.0000000000000000        0.0000000000000000     
  -96.725207979623008       -271.98817524780748     
  -82.758858751470143       -281.12029994504445     
  -99.201041216771557       -355.77480764043861     
  -118.23349224722872       -371.79468154510749     
  -118.46351422491153       -371.48646693013882     
  -119.22989575224729       -374.09839455084347     
  -119.21056388886454       -374.20679754194498     
 #           40
   0.0000000000000000        0.0000000000000000     
  -257.77798759211169       -129.93784070198507     
  -154.03875072498394       -208.94918250097879     
  -137.62797963478542       -287.98321498397718     
  -113.43919238573525       -279.92984122505004     
  -160.23600133771134       -261.03069351489671     
  -186.00629510947698       -249.13697508410800     
  -225.39898224635661       -255.47126803182078     
 #           40
   0.0000000000000000        0.0000000000000000     
   250.15698038343626       -144.06532719143229     
   109.19010138899728       -114.34653160692072     
   213.60975713729371       -265.31193449525000     
   236.68540919587767       -268.96616505220538     
   233.31026590748786       -288.80293903773611     
   239.56662559798630       -290.00651498993574     
   239.87418792730890       -290.17590511834811     
 #           41
   0.0000000000000000        0.0000000000000000     
   4.7499202624139718        288.63605386512967     
   144.59578140823299        299.19020630228329     
   147.70209498208675        312.69394484547126     
   149.21676541541970        308.54754121112865     
   146.63679492396102        313.03454708887978     
 #           41
   0.0000000000000000        0.0000000000000000     
   263.14893109443864        118.68434352174567     
   264.58711153190433        118.62749571281793     
   320.62618662097861        13.818724295599367     
   328.16797628332245        30.067892161554830     
   309.00538598976760        26.417005979907170     
   335.00188599589217        4.0763887817921507     
   335.11311510449667        4.7101478841960089     
   334.24420995222192        5.5077066574226698     
   336.49148296579648        5.2998851606674915     
   334.78423479503789        4.9852727486635100     
   333.41259347378144        4.2732147914989609     
   334.94652606846290        5.6601302857746942     
   336.84875911895506        6.6466595407554721     
   337.14962039414741        7.3445760844038173     
   336.99537975033974        7.6800974394550927     
   337.42743446396798        8.2490913782016921     
 #           41
   0.0000000000000000        0.0000000000000000     
  -142.13799994693025       -251.25708408803084     
  -167.79196141515558       -278.49648137789217     
  -168.32958710338903       -288.66092626827759     
  -168.31552214550035       -288.65891293707693     
  -168.31686178600222       -288.64274669004715     
  -168.33063063243210       -288.67206213381161     
 #           42
   0.0000000000000000        0.0000000000000000     
  -145.40032754308837        249.38339576582874     
  -132.70468463030934        213.50001329666711     
  -176.67817401208222        143.70712456421887     
  -179.57156155005990       -1.2320083184691555     
  -311.23167268350733        78.202338426226149     
  -298.45131591385780        18.775783591076809     
  -337.09305345795457        27.499389971736043     
  -346.15285112463567        32.794427737532587     
  -351.21109162071474        31.228159653508861     
  -351.31735653142613        31.150721958908381     
 #           43
   0.0000000000000000        0.0000000000000000     
   275.45413213924485       -86.361764807979668     
   234.05286481358593       -169.97932495716324     
   345.01246052538778       -127.82884044024870     
   308.17988751463105       -88.614028207420859     
   219.61117023902187       -233.63344506317287     
   180.41053434612519       -194.99541027761484     
   179.11711319171818       -101.32461541676419     
   362.48071918721195       -83.608380031864527     
   435.01638714410240       -185.90510765593251     
   427.54827559138585       -194.56779043441881     
   432.87457090262626       -210.74171254510523     
   419.87025243092864       -196.66305740359303     
   441.09175654811509       -209.75075287457545     
   437.81901236354446       -198.62854147785845     
   428.77902790229342       -197.91447845370104     
   420.88661666455198       -213.89657845005803     
   449.35729786796207       -226.55531550695565     
   451.98591669356881       -239.08041298850350     
   434.38558730435437       -243.83235469751574     
   409.90673794538469       -219.53786485628802     
   368.58197162050863       -242.40391103025016     
   336.71964952127246       -275.95713085497448     
   332.06888494691805       -224.62850908894697     
   408.05815830703710       -260.33740000620753     
 #           43
   0.0000000000000000        0.0000000000000000     
  -196.40576397495090       -211.56112405342628     
  -246.40616926023779       -152.85396867110393     
  -314.60062132506516       -35.393737867424505     
  -298.39798817697397       -5.5938638486593604     
  -263.63141777681869       0.96778507233159683     
  -193.95321847112837        3.0274407984683589     
  -80.599359733024542       -78.132182943708173     
  -176.72510105885522       -284.27717479975269     
  -177.07875571878580       -288.66089225648682     
  -177.06559461649573       -288.66633556315696     
  -177.07263777628046       -288.67160973212742     
 #           44
   0.0000000000000000        0.0000000000000000     
  -235.14960328686587       -167.44550578430869     
  -123.85416388022331       -119.38358667140824     
  -160.57256766482524       -290.10059641751576     
  -163.20722875216603       -286.37272873317374     
  -161.23607621251119       -282.71440382942239     
  -166.40651081198050       -276.52665545130873     
  -171.81061181277906       -287.41007949625208     
  -172.25541222185376       -286.22580039127649     
  -172.57295680862515       -283.79713749247281     
  -154.51304843978835       -288.67611789829306     
  -162.19428862091257       -295.87132650677603     
  -162.20279294020654       -296.14629207153746     
 #           44
   0.0000000000000000        0.0000000000000000     
   275.36568579721450        86.643363385565138     
   277.88806400913074        80.242668585633396     
   305.04120580943345       -3.6088366740623314     
   322.20424219829056        19.170504051328297     
   333.88509296280097        3.9030860603347186     
   333.33050125174822        2.5377161563566486     
   333.76936308165455        1.3445559518894064     
   333.90983987026033        1.6035806898603766     
   333.91102004811535        1.9060994263339106     
   334.35487759141597        1.9954336200845126     
   334.33560115431254        1.8840558924849740     
   334.28204443333965        1.8329346170416896     
   334.35295623273282        1.7699280972317359     
 #           45
   0.0000000000000000        0.0000000000000000     
  -250.41471805510420        143.61685943758837     
  -293.97156857866190        3.8889780070696247     
  -262.41071140927625        27.729803690656915     
  -264.06819642486317       -48.403060807719903     
  -276.02919344598615        34.929816497408503     
  -304.67048755529339        105.19290560771879     
  -258.50587709698686        168.08736118329648     
  -348.18676551583934        87.472540283212695     
  -378.24588276102628        94.513883792937960     
  -375.59328210610141        86.584259194443931     
  -374.10523514320039        93.628681900274600     
  -368.88963209767178        83.277518749998023     
  -364.92391891515967        96.713731507085413     
  -344.15002026205798        92.189569920586663     
  -379.11384722968313        80.567192247987663     
  -383.31918527986693        76.528001763826737     
  -384.26360310419767        78.544728685989980     
  -382.09619630839154        77.161020107403658     
  -380.66541855988129        79.484652531054323     
  -383.71009412374571        75.979371776457313     
  -383.73818061048087        74.422232583134047     
  -384.28363777597696        74.839930835326285     
  -383.95585875834502        74.571782630289377     
  -384.52578550567983        74.633691973631940     
  -384.47544684373730        74.535140849140092     
  -384.48285716410288        74.639861010463051     
  -384.62972602025820        74.605108065851198     
  -384.62343623801382        74.604193368225211     
  -384.63077938396901        74.612842256933675     
  -384.62158983405050        74.614339981046882     
  -384.61506858038382        74.597543456425740     
  -384.62327601157864        74.610417080964638     
  -384.60928772795427        74.614586083640717     
  -384.58276218395901        74.603381196642928     
  -384.57394837011054        74.648696394529821     
  -384.64531738778157        74.676115838447089     
  -384.67289131665865        74.669496509893293     
 #           46
   0.0000000000000000        0.0000000000000000     
  -201.13607371180831       -207.06910243957537     
  -198.54696882579623       -125.50415273683302     
  -162.98549138702271        33.744554142905258     
  -336.20747991237272        46.041906760122245     
  -355.68453582129240        39.545603553974274     
  -355.32520742332150        32.083661640648657     
  -355.33108896436977        32.089999830292577     
  -355.33760288361867        32.103494842118195     
  -355.31931934692494        32.125330964883311     
  -355.27182163698666        32.141934229721230     
  -355.33750386731884        32.129126655767770     
  -355.28432540419749        32.139133014859461     
  -355.33567369290409        32.100734071518524     
  -355.31509876142235        32.085302119273912     
  -355.31099868833326        32.094736903314306     
  -355.32793114278769        32.084625165962187     
  -355.32012397848791        32.090229123557705     
  -355.30549091429555        32.094393779350824     
  -355.31743070502239        32.079130089383398     
 #           47
   0.0000000000000000        0.0000000000000000     
  -245.92363047172736       -151.17837579805732     
  -352.40650890983147       -238.16547414688796     
  -360.54376743658082       -188.31559127607753     
  -298.53923856856483       -154.56960667361562     
  -273.10307270887046       -259.06912184957037     
  -263.13101287817358       -231.19307454360415     
  -292.69871834267792       -282.61744370180935     
  -282.89727755324265       -295.20149995942847     
  -283.94602511946101       -294.68184169943527     
  -281.61300872176179       -294.52171136327871     
  -282.76147346886745       -293.95380884819991     
  -281.09549838001294       -295.13616334487722     
  -280.81070312323385       -294.53329490206698     
  -280.49608909293084       -295.76331724825383     
  -280.47970171619147       -295.72726879556683     
  -280.50068006485253       -295.65458893301599     
  -280.64732478283725       -295.63231438968518     
  -280.47761398476842       -295.64972274134959     
  -280.50120646608798       -295.49835736831130     
  -280.25468368009848       -295.31952143539115     
  -280.55985728536643       -294.94463601054855     
  -280.31564131978280       -294.12183434521580     
  -279.99281534775753       -295.44019835562887     
  -280.21930719470214       -295.72350969005629     
  -280.14048048146634       -295.73308377213107     
  -280.07978393589104       -295.76761530750389     
  -280.09999710975785       -295.73867493735219     
  -280.14127708374713       -295.68945259680709     
  -280.04419175071058       -295.63073025889929     
  -280.06852890114521       -295.46027343788433     
  -280.40160892676539       -295.54065635599659     
  -280.41863666512893       -295.80236233128750     
 #           48
   0.0000000000000000        0.0000000000000000     
  -252.74709519151534       -139.47128451973336     
  -390.43729351645544       -162.02651959685204     
  -362.12870899305665       -175.97799737317399     
  -387.35271730817328       -256.04646516187017     
  -396.58774522295346       -224.75198755994364     
  -421.18393454205250       -172.67191161305416     
  -422.32446402757944       -142.66029398778849     
  -410.46609154213797       -100.23504713705923     
  -411.27389274750021       -105.24758532768868     
  -409.59098159500076       -114.40691477880947     
  -405.64213797110938       -132.59760650235404     
  -383.06300480174491       -103.74327131145735     
  -376.30338922529626       -110.43447834431909     
  -395.21527144978319       -112.06036650603012     
  -387.36648955037765       -125.94487287721434     
  -358.21343730310167       -131.91860048171782     
  -367.72938380635395       -178.01046532473970     
  -309.16520345385339       -126.39709437004359     
  -302.52933785790452       -210.27519599032161     
  -241.68223256428129       -259.71384636201697     
 #           48
   0.0000000000000000        0.0000000000000000     
   279.14863237654862       -73.548449172201259     
   350.34179889392794       -29.535404914458354     
   350.36170633246326       -29.567701616562356     
   350.38655779103561       -29.594906792370796     
   350.41001837713014       -29.577982889838975     
 #           49
   0.0000000000000000        0.0000000000000000     
  -188.21589197881724       -218.87921632706826     
  -204.64843278823696       -286.71314448536117     
  -202.83426286039887       -285.96602156206518     
  -205.33793892576381       -287.00086434428977     
  -207.46270911317271       -286.02144753643574     
  -212.05653395105861       -286.28403091564729     
  -203.64961114075609       -286.89803473561273     
  -202.90719420434959       -285.28344469411422     
  -203.70574153428669       -281.98710087946870     
  -202.70470291596990       -288.59979479458173     
  -202.63500442976959       -288.62839910405177     
  -202.61132035894914       -288.66868894006603     
  -202.61229534012480       -288.67506042943847     
 #           50
   0.0000000000000000        0.0000000000000000     
  -29.810428561106569        287.13180193481963     
  -74.480549329064132        176.51844149231610     
   40.954422061132234        88.472025224449737     
   234.09692346079407       -47.839484188383778     
   166.60363769540180       -134.90921296016955     
   84.929193677446960       -265.19063075703139     
   3.3749226885764045       -252.54415226901517     
   28.940397075484125       -94.563927574891807     
  -205.50090754412162       -53.515654596714270     
  -326.48648503469633       -121.09926510504147     
  -321.73663737226843       -54.789990210264563     
  -284.38432926765847       -60.053194866918432     
  -285.33537792752401        12.358238330511810     
  -324.63728072139236       -17.839281676156105     
  -316.50720842678442       -32.140526023588805     
  -310.92784430092502       -1.5532440274590300     
  -317.39846619121471       -23.060209367625163     
  -342.79960423190869       -26.320685597373458     
  -347.59288557563173       -27.604816268454250     
  -347.21031599029845       -25.255137470493203     
  -347.76143762158068       -25.516042242055882     
  -348.04882643614189       -26.007536181382971     
 #           50
   0.0000000000000000        0.0000000000000000     
   162.16777651486882       -238.81990200474689     
   211.87953758171147       -235.04034803070093     
   192.21851123331163       -284.94159423463230     
   188.90840609089375       -283.21459464944525     
   185.71374565999719       -278.78609137788504     
   194.42121708244466       -271.44912995251366     
   177.28300385561889       -269.71221218578728     
   195.22898709469186       -263.13752156279628     
   215.77489105237009       -278.30444313359919     
   199.90568317158844       -279.50154238881197     
   191.48364451642342       -275.86505248054777     
   180.11614316140788       -269.95928269855193     
   174.83369704831136       -251.97047384006578     
   186.47934283615862       -217.16221221021200     
   116.67424192199749       -234.39885924188738     
   65.437774271801061       -287.50235235456671     
   4.0134524311607578       -219.57064570804752     
   40.520578671309636       -47.997564568158708     
  -208.85110556135481        59.948215031748205     
  -266.83480875429660        185.35755950256612     
  -165.55232189650570        164.95218817922367     
  -152.53110209070826        287.99306378075158     
  -149.87261498905340        275.69431844848384     
  -137.09769435555523        292.64551788636908     
  -135.63125958752488        316.94375478778011     
  -140.40163425838500        329.12590015807291     
  -131.69903260315212        322.56849256037259     
  -123.51954862186018        336.95514662991008     
  -122.30805033219356        353.91754118858182     
  -118.92304405260670        358.62049692668438     
  -124.60567915754318        355.73224108471214     
  -127.61696933709491        355.32888882694726     
  -128.08734131797161        355.47024389165205     
  -128.08838330646199        355.45716416628807     
  -128.10702615994404        355.45924516026918     
