   0.0000000000000000        0.0000000000000000     
   0.0000000000000000        0.0000000000000000     
  -196.45533699400298       -211.51509142353433     
  -260.61912015653957       -254.37161009298018     
  -227.02948304634614       -261.33351156121103     
  -253.79687579351452       -266.90765146171822     
  -267.79298044544100       -283.57895544556675     
  -272.53294313009047       -285.45079829937208     
  -274.99857746264468       -287.52853550225103     
  -273.86707006292028       -287.34311575294527     
  -275.13589761448844       -288.67513459481290     